# model_id: 98
# scene-count: 1
# substeps: 150
# Using ./resources/square_bowl000.obj
# Using ./resources/square_bowl001.obj
# Using ./resources/square_bowl002.obj
# Using ./resources/square_bowl003.obj
# Using ./resources/square_bowl004.obj
# Using ./resources/square_bowl005.obj
# Using ./resources/square_bowl006.obj
# Using ./resources/square_bowl007.obj
# Using ./resources/square_bowl008.obj
# Body count: 10
# Constraint count: 0
# Gravity: [0.000000 0.000000 -980.000000]
# Ground size: 20.000000
# Time Step: 0.010000
# End Time: 1.000000
# Steps: 100
# Substeps: 150
# Iterations: ->5 <-25
# Running on CPU #
# Starting 1 threads and sims = 1
Step 0
0 -0.000004 -0.000013 0.427276 r 0.000000 0.000000 0.000000 1.000000
1 -0.000004 -0.000013 1.077276 r 0.000000 0.000000 0.000000 1.000000
2 -0.000004 -0.000013 1.727275 r 0.000000 0.000000 0.000000 1.000000
3 -0.000004 -0.000013 2.377275 r 0.000000 0.000000 0.000000 1.000000
4 -0.000004 -0.000013 3.027275 r 0.000000 0.000000 0.000000 1.000000
5 -0.000004 -0.000013 3.677275 r 0.000000 0.000000 0.000000 1.000000
6 -0.000004 -0.000013 4.327275 r 0.000000 0.000000 0.000000 1.000000
7 -0.000004 -0.000013 4.977275 r 0.000000 0.000000 0.000000 1.000000
8 -0.000004 -0.000013 5.627275 r 0.000000 0.000000 0.000000 1.000000
9 -0.000004 -0.000013 6.277275 r 0.000000 0.000000 0.000000 1.000000
Step 1
0 0.000012 -0.000018 0.418704 r 0.000052 0.000112 0.000001 1.000000
1 0.000153 -0.000083 1.043823 r 0.000054 0.000113 0.000000 1.000000
2 0.000295 -0.000151 1.668939 r 0.000055 0.000113 -0.000000 1.000000
3 0.000436 -0.000221 2.294053 r 0.000056 0.000113 -0.000000 1.000000
4 -0.000004 -0.000013 2.928622 r 0.000000 0.000000 0.000000 1.000000
5 -0.000004 -0.000013 3.578622 r 0.000000 0.000000 0.000000 1.000000
6 -0.000004 -0.000013 4.228622 r 0.000000 0.000000 0.000000 1.000000
7 -0.000004 -0.000013 4.878622 r 0.000000 0.000000 0.000000 1.000000
8 -0.000004 -0.000013 5.528622 r 0.000000 0.000000 0.000000 1.000000
9 -0.000004 -0.000013 6.178622 r 0.000000 0.000000 0.000000 1.000000
Residuals: 7.178685
Step 2
0 0.000009 -0.000048 0.418961 r 0.000125 0.000109 0.000000 1.000000
1 0.000145 -0.000204 1.044100 r 0.000121 0.000112 0.000000 1.000000
2 0.000283 -0.000356 1.669239 r 0.000114 0.000113 0.000001 1.000000
3 0.000417 -0.000480 2.294506 r 0.000060 0.000130 0.000003 1.000000
4 -0.000004 -0.000277 2.919760 r -0.000006 0.000022 0.000004 1.000000
5 0.000024 -0.000270 3.544879 r -0.000016 0.000027 0.000004 1.000000
6 0.000058 -0.000247 4.169997 r -0.000026 0.000030 0.000005 1.000000
7 0.000096 -0.000211 4.795113 r -0.000034 0.000032 0.000005 1.000000
8 0.000137 -0.000164 5.420228 r -0.000039 0.000032 0.000005 1.000000
9 0.000177 -0.000115 6.045342 r -0.000039 0.000032 0.000005 1.000000
Residuals: 5.633302
Step 3
0 -0.000000 -0.000037 0.418797 r -0.000011 -0.000002 -0.000005 1.000000
1 -0.000002 -0.000023 1.043916 r -0.000015 0.000002 -0.000005 1.000000
2 -0.000000 -0.000006 1.669035 r -0.000022 0.000004 -0.000005 1.000000
3 -0.000002 0.000040 2.294204 r -0.000077 0.000020 -0.000002 1.000000
4 -0.000560 0.000413 2.919454 r -0.000143 -0.000088 -0.000001 1.000000
5 -0.000670 0.000593 3.544576 r -0.000160 -0.000085 -0.000001 1.000000
6 -0.000776 0.000797 4.169698 r -0.000176 -0.000084 -0.000001 1.000000
7 -0.000881 0.001023 4.794817 r -0.000188 -0.000084 -0.000000 1.000000
8 -0.000986 0.001264 5.419934 r -0.000195 -0.000084 -0.000000 1.000000
9 -0.001091 0.001509 6.045047 r -0.000196 -0.000085 -0.000000 1.000000
Residuals: 0.676854
Step 4
0 -0.000006 -0.000014 0.418671 r -0.000149 -0.000077 -0.000008 1.000000
1 -0.000103 0.000179 1.043794 r -0.000155 -0.000082 -0.000007 1.000000
2 -0.000206 0.000375 1.668914 r -0.000158 -0.000086 -0.000007 1.000000
3 -0.000318 0.000590 2.294086 r -0.000205 -0.000074 -0.000004 1.000000
4 -0.000994 0.001122 2.919338 r -0.000262 -0.000187 -0.000003 1.000000
5 -0.001228 0.001449 3.544463 r -0.000272 -0.000188 -0.000003 1.000000
6 -0.001465 0.001791 4.169587 r -0.000282 -0.000191 -0.000002 1.000000
7 -0.001704 0.002147 4.794707 r -0.000290 -0.000193 -0.000002 1.000000
8 -0.001946 0.002513 5.419825 r -0.000294 -0.000194 -0.000002 1.000000
9 -0.002189 0.002881 6.044938 r -0.000295 -0.000194 -0.000002 1.000000
Residuals: 0.260272
Step 5
0 -0.000005 -0.000023 0.418787 r -0.000033 0.000003 -0.000019 1.000000
1 -0.000009 0.000028 1.043908 r -0.000039 -0.000005 -0.000020 1.000000
2 -0.000017 0.000079 1.669026 r -0.000042 -0.000009 -0.000020 1.000000
3 -0.000034 0.000149 2.294185 r -0.000089 0.000004 -0.000017 1.000000
4 -0.000612 0.000537 2.919432 r -0.000148 -0.000107 -0.000016 1.000000
5 -0.000746 0.000722 3.544554 r -0.000158 -0.000106 -0.000015 1.000000
6 -0.000880 0.000922 4.169677 r -0.000169 -0.000107 -0.000015 1.000000
7 -0.001011 0.001136 4.794797 r -0.000175 -0.000104 -0.000015 1.000000
8 -0.001140 0.001359 5.419916 r -0.000180 -0.000103 -0.000015 1.000000
9 -0.001268 0.001585 6.045030 r -0.000181 -0.000102 -0.000015 1.000000
Residuals: 0.214766
Step 6
0 0.000011 -0.000055 0.418678 r 0.000204 0.000179 -0.000017 1.000000
1 0.000222 -0.000303 1.043800 r 0.000194 0.000176 -0.000018 1.000000
2 0.000438 -0.000545 1.668919 r 0.000185 0.000179 -0.000017 1.000000
3 0.000654 -0.000757 2.294081 r 0.000130 0.000199 -0.000014 1.000000
4 0.000319 -0.000643 2.919328 r 0.000070 0.000088 -0.000013 1.000000
5 0.000429 -0.000729 3.544451 r 0.000058 0.000089 -0.000013 1.000000
6 0.000539 -0.000799 4.169573 r 0.000046 0.000088 -0.000012 1.000000
7 0.000653 -0.000850 4.794695 r 0.000035 0.000094 -0.000013 1.000000
8 0.000772 -0.000889 5.419813 r 0.000030 0.000095 -0.000012 1.000000
9 0.000892 -0.000926 6.044928 r 0.000029 0.000096 -0.000013 1.000000
Residuals: 0.518182
Step 7
0 0.000001 -0.000046 0.418975 r 0.000250 0.000164 -0.000026 1.000000
1 0.000186 -0.000337 1.044109 r 0.000243 0.000167 -0.000029 1.000000
2 0.000395 -0.000630 1.669245 r 0.000242 0.000190 -0.000029 1.000000
3 0.000625 -0.000910 2.294423 r 0.000197 0.000226 -0.000025 1.000000
4 0.000327 -0.000874 2.919673 r 0.000145 0.000133 -0.000024 1.000000
5 0.000500 -0.001051 3.544791 r 0.000135 0.000146 -0.000026 1.000000
6 0.000689 -0.001217 4.169914 r 0.000128 0.000161 -0.000025 1.000000
7 0.000901 -0.001373 4.795040 r 0.000120 0.000177 -0.000025 1.000000
8 0.001128 -0.001521 5.420158 r 0.000116 0.000184 -0.000024 1.000000
9 0.001358 -0.001665 6.045273 r 0.000115 0.000184 -0.000024 1.000000
Residuals: 0.349081
Step 8
0 -0.000017 -0.000030 0.418932 r 0.000084 -0.000024 -0.000058 1.000000
1 -0.000067 -0.000116 1.044052 r 0.000077 -0.000021 -0.000061 1.000000
2 -0.000095 -0.000202 1.669182 r 0.000074 0.000002 -0.000061 1.000000
3 -0.000100 -0.000272 2.294359 r 0.000027 0.000039 -0.000057 1.000000
4 -0.000633 -0.000024 2.919588 r -0.000028 -0.000054 -0.000056 1.000000
5 -0.000689 0.000021 3.544715 r -0.000053 -0.000027 -0.000058 1.000000
6 -0.000711 0.000096 4.169840 r -0.000071 -0.000002 -0.000058 1.000000
7 -0.000698 0.000195 4.794969 r -0.000087 0.000021 -0.000057 1.000000
8 -0.000663 0.000310 5.420089 r -0.000096 0.000030 -0.000056 1.000000
9 -0.000625 0.000430 6.045203 r -0.000097 0.000031 -0.000056 1.000000
Residuals: 1.110409
Step 9
0 -0.000034 0.000013 0.418701 r -0.000222 -0.000180 -0.000057 1.000000
1 -0.000277 0.000313 1.043825 r -0.000214 -0.000182 -0.000062 1.000000
2 -0.000504 0.000585 1.668961 r -0.000194 -0.000163 -0.000062 1.000000
3 -0.000713 0.000852 2.294140 r -0.000227 -0.000128 -0.000059 1.000000
4 -0.001452 0.001417 2.919370 r -0.000268 -0.000221 -0.000058 1.000000
5 -0.001715 0.001758 3.544519 r -0.000279 -0.000194 -0.000061 1.000000
6 -0.001944 0.002111 4.169662 r -0.000288 -0.000169 -0.000060 1.000000
7 -0.002139 0.002477 4.794803 r -0.000297 -0.000145 -0.000060 1.000000
8 -0.002312 0.002850 5.419930 r -0.000301 -0.000135 -0.000059 1.000000
9 -0.002479 0.003227 6.045046 r -0.000302 -0.000133 -0.000059 1.000000
Residuals: 0.396091
Step 10
0 -0.000034 0.000025 0.418968 r -0.000309 -0.000115 -0.000071 1.000000
1 -0.000196 0.000433 1.044087 r -0.000302 -0.000116 -0.000076 1.000000
2 -0.000344 0.000818 1.669224 r -0.000281 -0.000093 -0.000076 1.000000
3 -0.000466 0.001194 2.294391 r -0.000315 -0.000057 -0.000072 1.000000
4 -0.001116 0.001870 2.919609 r -0.000357 -0.000149 -0.000071 1.000000
5 -0.001289 0.002323 3.544752 r -0.000369 -0.000120 -0.000074 1.000000
6 -0.001425 0.002789 4.169891 r -0.000379 -0.000094 -0.000073 1.000000
7 -0.001526 0.003269 4.795029 r -0.000388 -0.000069 -0.000073 1.000000
8 -0.001604 0.003757 5.420154 r -0.000393 -0.000059 -0.000072 1.000000
9 -0.001677 0.004248 6.045269 r -0.000394 -0.000057 -0.000072 1.000000
Residuals: 0.010049
Step 11
0 0.000020 0.000026 0.418939 r -0.000223 0.000182 -0.000082 1.000000
1 0.000243 0.000332 1.044052 r -0.000209 0.000168 -0.000090 1.000000
2 0.000459 0.000603 1.669187 r -0.000172 0.000170 -0.000092 1.000000
3 0.000669 0.000842 2.294343 r -0.000186 0.000181 -0.000089 1.000000
4 0.000318 0.001346 2.919549 r -0.000211 0.000086 -0.000087 1.000000
5 0.000435 0.001608 3.544681 r -0.000202 0.000092 -0.000090 1.000000
6 0.000557 0.001857 4.169810 r -0.000194 0.000100 -0.000090 1.000000
7 0.000691 0.002096 4.794941 r -0.000191 0.000112 -0.000089 1.000000
8 0.000840 0.002336 5.420065 r -0.000194 0.000122 -0.000089 1.000000
9 0.000994 0.002580 6.045179 r -0.000195 0.000124 -0.000089 1.000000
Residuals: 1.032398
Step 12
0 0.000039 -0.000002 0.418965 r 0.000109 0.000341 -0.000085 1.000000
1 0.000463 -0.000104 1.044103 r 0.000128 0.000328 -0.000093 1.000000
2 0.000882 -0.000250 1.669248 r 0.000173 0.000331 -0.000094 1.000000
3 0.001293 -0.000443 2.294382 r 0.000161 0.000342 -0.000091 1.000000
4 0.001146 -0.000376 2.919594 r 0.000149 0.000250 -0.000089 1.000000
5 0.001469 -0.000564 3.544720 r 0.000159 0.000257 -0.000092 1.000000
6 0.001798 -0.000769 4.169846 r 0.000169 0.000266 -0.000091 1.000000
7 0.002139 -0.000984 4.794971 r 0.000173 0.000278 -0.000091 1.000000
8 0.002496 -0.001201 5.420097 r 0.000172 0.000289 -0.000090 1.000000
9 0.002858 -0.001415 6.045212 r 0.000172 0.000291 -0.000090 1.000000
Residuals: 0.703752
Step 13
0 0.000026 -0.000045 0.419013 r 0.000378 0.000233 -0.000085 1.000000
1 0.000320 -0.000498 1.044159 r 0.000405 0.000226 -0.000093 1.000000
2 0.000613 -0.001000 1.669312 r 0.000451 0.000231 -0.000094 1.000000
3 0.000900 -0.001543 2.294444 r 0.000439 0.000242 -0.000091 1.000000
4 0.000627 -0.001823 2.919640 r 0.000426 0.000148 -0.000089 1.000000
5 0.000819 -0.002358 3.544765 r 0.000427 0.000152 -0.000093 1.000000
6 0.001014 -0.002896 4.169891 r 0.000429 0.000158 -0.000092 1.000000
7 0.001218 -0.003433 4.795016 r 0.000428 0.000168 -0.000092 1.000000
8 0.001437 -0.003968 5.420138 r 0.000427 0.000178 -0.000092 1.000000
9 0.001662 -0.004501 6.045252 r 0.000426 0.000180 -0.000092 1.000000
Residuals: 1.218812
Step 14
0 0.000007 -0.000047 0.419111 r 0.000342 -0.000032 -0.000075 1.000000
1 -0.000028 -0.000455 1.044250 r 0.000370 -0.000040 -0.000082 1.000000
2 -0.000069 -0.000918 1.669404 r 0.000422 -0.000042 -0.000084 1.000000
3 -0.000123 -0.001433 2.294544 r 0.000413 -0.000047 -0.000079 1.000000
4 -0.000760 -0.001686 2.919746 r 0.000400 -0.000160 -0.000078 1.000000
5 -0.000953 -0.002190 3.544864 r 0.000404 -0.000159 -0.000081 1.000000
6 -0.001148 -0.002699 4.169983 r 0.000407 -0.000155 -0.000081 1.000000
7 -0.001336 -0.003209 4.795106 r 0.000406 -0.000147 -0.000081 1.000000
8 -0.001514 -0.003714 5.420229 r 0.000402 -0.000140 -0.000081 1.000000
9 -0.001688 -0.004217 6.045344 r 0.000402 -0.000139 -0.000081 1.000000
Residuals: 1.001777
Step 15
0 -0.000015 -0.000025 0.418925 r 0.000110 -0.000256 -0.000054 1.000000
1 -0.000326 -0.000153 1.044075 r 0.000142 -0.000276 -0.000061 1.000000
2 -0.000664 -0.000337 1.669239 r 0.000194 -0.000296 -0.000061 1.000000
3 -0.001036 -0.000568 2.294364 r 0.000185 -0.000304 -0.000055 1.000000
4 -0.001996 -0.000539 2.919580 r 0.000171 -0.000432 -0.000054 1.000000
5 -0.002530 -0.000757 3.544698 r 0.000175 -0.000433 -0.000057 1.000000
6 -0.003068 -0.000980 4.169816 r 0.000178 -0.000431 -0.000057 1.000000
7 -0.003601 -0.001204 4.794937 r 0.000178 -0.000423 -0.000057 1.000000
8 -0.004124 -0.001424 5.420058 r 0.000174 -0.000417 -0.000057 1.000000
9 -0.004645 -0.001642 6.045173 r 0.000174 -0.000416 -0.000057 1.000000
Residuals: 0.432383
Step 16
0 -0.000032 0.000006 0.418901 r -0.000179 -0.000280 -0.000069 1.000000
1 -0.000387 0.000238 1.044047 r -0.000141 -0.000291 -0.000074 1.000000
2 -0.000754 0.000407 1.669209 r -0.000088 -0.000295 -0.000074 1.000000
3 -0.001131 0.000529 2.294325 r -0.000096 -0.000284 -0.000068 1.000000
4 -0.002067 0.000913 2.919542 r -0.000113 -0.000394 -0.000066 1.000000
5 -0.002552 0.001052 3.544657 r -0.000112 -0.000392 -0.000070 1.000000
6 -0.003039 0.001187 4.169773 r -0.000109 -0.000389 -0.000069 1.000000
7 -0.003519 0.001324 4.794893 r -0.000111 -0.000380 -0.000069 1.000000
8 -0.003986 0.001465 5.420011 r -0.000115 -0.000371 -0.000069 1.000000
9 -0.004449 0.001609 6.045125 r -0.000116 -0.000370 -0.000070 1.000000
Residuals: 0.510502
Step 17
0 -0.000014 0.000035 0.419005 r -0.000327 -0.000073 -0.000061 1.000000
1 -0.000116 0.000460 1.044148 r -0.000286 -0.000081 -0.000066 1.000000
2 -0.000222 0.000811 1.669307 r -0.000232 -0.000084 -0.000066 1.000000
3 -0.000334 0.001121 2.294429 r -0.000234 -0.000061 -0.000060 1.000000
4 -0.000991 0.001678 2.919642 r -0.000251 -0.000167 -0.000058 1.000000
5 -0.001189 0.001991 3.544753 r -0.000242 -0.000153 -0.000061 1.000000
6 -0.001370 0.002289 4.169868 r -0.000234 -0.000137 -0.000062 1.000000
7 -0.001531 0.002581 4.794990 r -0.000234 -0.000122 -0.000062 1.000000
8 -0.001672 0.002873 5.420113 r -0.000237 -0.000108 -0.000063 1.000000
9 -0.001807 0.003169 6.045228 r -0.000237 -0.000107 -0.000063 1.000000
Residuals: 0.038831
Step 18
0 0.000034 0.000046 0.418917 r -0.000273 0.000278 -0.000062 1.000000
1 0.000379 0.000418 1.044066 r -0.000222 0.000265 -0.000067 1.000000
2 0.000703 0.000692 1.669226 r -0.000164 0.000257 -0.000065 1.000000
3 0.001021 0.000923 2.294350 r -0.000142 0.000272 -0.000059 1.000000
4 0.000782 0.001365 2.919559 r -0.000155 0.000167 -0.000057 1.000000
5 0.001006 0.001553 3.544682 r -0.000121 0.000178 -0.000061 1.000000
6 0.001240 0.001692 4.169805 r -0.000092 0.000192 -0.000061 1.000000
7 0.001489 0.001796 4.794924 r -0.000077 0.000206 -0.000062 1.000000
8 0.001758 0.001886 5.420047 r -0.000073 0.000220 -0.000063 1.000000
9 0.002035 0.001977 6.045161 r -0.000073 0.000222 -0.000063 1.000000
Residuals: 0.267425
Step 19
0 0.000074 0.000003 0.419091 r 0.000036 0.000504 -0.000055 1.000000
1 0.000710 -0.000018 1.044257 r 0.000086 0.000484 -0.000062 1.000001
2 0.001314 -0.000135 1.669422 r 0.000142 0.000464 -0.000060 1.000000
3 0.001895 -0.000292 2.294563 r 0.000162 0.000465 -0.000055 1.000000
4 0.001897 -0.000230 2.919770 r 0.000149 0.000357 -0.000053 1.000000
5 0.002354 -0.000425 3.544916 r 0.000181 0.000353 -0.000057 1.000000
6 0.002801 -0.000665 4.170059 r 0.000208 0.000353 -0.000058 1.000000
7 0.003246 -0.000935 4.795193 r 0.000222 0.000359 -0.000059 1.000000
8 0.003702 -0.001219 5.420319 r 0.000226 0.000368 -0.000060 1.000000
9 0.004163 -0.001501 6.045433 r 0.000226 0.000370 -0.000060 1.000000
Residuals: 1.583896
Step 20
0 0.000070 -0.000023 0.419107 r 0.000315 0.000447 -0.000051 1.000000
1 0.000643 -0.000387 1.044287 r 0.000376 0.000431 -0.000057 1.000001
2 0.001186 -0.000869 1.669471 r 0.000449 0.000413 -0.000055 1.000000
3 0.001703 -0.001409 2.294600 r 0.000470 0.000415 -0.000049 1.000000
4 0.001645 -0.001735 2.919816 r 0.000471 0.000307 -0.000047 1.000000
5 0.002040 -0.002332 3.544958 r 0.000504 0.000303 -0.000052 1.000000
6 0.002424 -0.002977 4.170092 r 0.000532 0.000304 -0.000053 1.000000
7 0.002809 -0.003653 4.795221 r 0.000547 0.000310 -0.000053 1.000000
8 0.003204 -0.004343 5.420345 r 0.000551 0.000320 -0.000054 1.000000
9 0.003605 -0.005033 6.045459 r 0.000552 0.000322 -0.000054 1.000000
Residuals: 0.510095
Step 21
0 0.000045 -0.000016 0.419240 r 0.000370 0.000186 -0.000037 1.000000
1 0.000292 -0.000447 1.044414 r 0.000433 0.000171 -0.000043 1.000001
2 0.000516 -0.000992 1.669602 r 0.000518 0.000150 -0.000039 1.000001
3 0.000709 -0.001616 2.294737 r 0.000556 0.000149 -0.000034 1.000001
4 0.000320 -0.002048 2.919936 r 0.000560 0.000043 -0.000032 1.000000
5 0.000385 -0.002764 3.545086 r 0.000604 0.000041 -0.000036 1.000001
6 0.000442 -0.003534 4.170221 r 0.000634 0.000043 -0.000036 1.000000
7 0.000500 -0.004338 4.795351 r 0.000650 0.000049 -0.000037 1.000000
8 0.000570 -0.005161 5.420476 r 0.000658 0.000060 -0.000038 1.000000
9 0.000647 -0.005985 6.045591 r 0.000659 0.000063 -0.000038 1.000000
Residuals: 0.527584
Step 22
0 -0.000034 0.000003 0.419020 r 0.000234 -0.000299 -0.000045 1.000000
1 -0.000413 -0.000248 1.044194 r 0.000293 -0.000294 -0.000055 1.000001
2 -0.000776 -0.000610 1.669386 r 0.000372 -0.000278 -0.000053 1.000001
3 -0.001117 -0.001041 2.294519 r 0.000402 -0.000238 -0.000047 1.000001
4 -0.001987 -0.001272 2.919707 r 0.000397 -0.000306 -0.000046 1.000001
5 -0.002356 -0.001782 3.544854 r 0.000436 -0.000300 -0.000048 1.000001
6 -0.002711 -0.002335 4.169983 r 0.000459 -0.000267 -0.000048 1.000001
7 -0.003026 -0.002915 4.795106 r 0.000469 -0.000240 -0.000049 1.000001
8 -0.003308 -0.003508 5.420231 r 0.000473 -0.000218 -0.000049 1.000001
9 -0.003577 -0.004100 6.045345 r 0.000473 -0.000214 -0.000049 1.000001
Residuals: 1.607307
Step 23
0 -0.000081 0.000036 0.419079 r -0.000072 -0.000605 -0.000087 1.000000
1 -0.000844 0.000167 1.044243 r -0.000014 -0.000598 -0.000097 1.000001
2 -0.001588 0.000190 1.669431 r 0.000064 -0.000580 -0.000095 1.000001
3 -0.002314 0.000148 2.294594 r 0.000093 -0.000521 -0.000090 1.000001
4 -0.003538 0.000306 2.919763 r 0.000086 -0.000586 -0.000089 1.000001
5 -0.004254 0.000182 3.544915 r 0.000127 -0.000567 -0.000094 1.000001
6 -0.004936 0.000019 4.170067 r 0.000146 -0.000516 -0.000095 1.000001
7 -0.005555 -0.000167 4.795206 r 0.000153 -0.000476 -0.000096 1.000001
8 -0.006127 -0.000363 5.420337 r 0.000155 -0.000449 -0.000096 1.000001
9 -0.006684 -0.000556 6.045454 r 0.000153 -0.000444 -0.000096 1.000001
Residuals: 1.185699
Step 24
0 -0.000074 0.000073 0.419236 r -0.000321 -0.000656 -0.000090 1.000000
1 -0.000891 0.000520 1.044407 r -0.000256 -0.000656 -0.000102 1.000001
2 -0.001707 0.000851 1.669601 r -0.000175 -0.000645 -0.000104 1.000001
3 -0.002507 0.001107 2.294788 r -0.000131 -0.000597 -0.000100 1.000001
4 -0.003820 0.001540 2.919959 r -0.000121 -0.000672 -0.000100 1.000001
5 -0.004643 0.001669 3.545121 r -0.000064 -0.000662 -0.000106 1.000001
6 -0.005445 0.001736 4.170290 r -0.000030 -0.000619 -0.000106 1.000001
7 -0.006195 0.001763 4.795440 r -0.000013 -0.000584 -0.000107 1.000001
8 -0.006904 0.001769 5.420576 r -0.000006 -0.000558 -0.000107 1.000001
9 -0.007597 0.001777 6.045693 r -0.000006 -0.000552 -0.000107 1.000001
Residuals: 0.665244
Step 25
0 -0.000062 0.000081 0.419407 r -0.000285 -0.000530 -0.000104 1.000000
1 -0.000721 0.000485 1.044569 r -0.000220 -0.000529 -0.000116 1.000001
2 -0.001379 0.000773 1.669754 r -0.000137 -0.000517 -0.000118 1.000001
3 -0.002019 0.000983 2.294939 r -0.000092 -0.000466 -0.000114 1.000001
4 -0.003165 0.001370 2.920111 r -0.000064 -0.000535 -0.000114 1.000001
5 -0.003811 0.001427 3.545271 r 0.000009 -0.000519 -0.000120 1.000001
6 -0.004430 0.001399 4.170439 r 0.000057 -0.000470 -0.000122 1.000001
7 -0.004990 0.001311 4.795589 r 0.000083 -0.000430 -0.000123 1.000001
8 -0.005503 0.001192 5.420726 r 0.000095 -0.000401 -0.000123 1.000001
9 -0.005999 0.001073 6.045843 r 0.000095 -0.000394 -0.000123 1.000001
Residuals: 0.263007
Step 26
0 0.000011 0.000053 0.419230 r -0.000043 -0.000115 -0.000114 1.000001
1 -0.000111 0.000155 1.044392 r 0.000025 -0.000127 -0.000128 1.000001
2 -0.000253 0.000132 1.669574 r 0.000115 -0.000139 -0.000132 1.000001
3 -0.000414 0.000020 2.294755 r 0.000171 -0.000119 -0.000129 1.000001
4 -0.001128 0.000071 2.919935 r 0.000210 -0.000222 -0.000130 1.000001
5 -0.001391 -0.000224 3.545111 r 0.000296 -0.000238 -0.000137 1.000001
6 -0.001667 -0.000619 4.170303 r 0.000354 -0.000211 -0.000138 1.000001
7 -0.001912 -0.001084 4.795471 r 0.000389 -0.000185 -0.000139 1.000001
8 -0.002127 -0.001589 5.420618 r 0.000405 -0.000163 -0.000140 1.000001
9 -0.002326 -0.002097 6.045736 r 0.000407 -0.000157 -0.000140 1.000001
Residuals: 1.907757
Step 27
0 0.000075 0.000009 0.418688 r 0.000340 0.000431 -0.000114 1.000001
1 0.000635 -0.000367 1.043860 r 0.000409 0.000418 -0.000128 1.000001
2 0.001175 -0.000871 1.669048 r 0.000501 0.000406 -0.000131 1.000001
3 0.001695 -0.001467 2.294220 r 0.000557 0.000425 -0.000129 1.000001
4 0.001663 -0.001901 2.919443 r 0.000599 0.000322 -0.000130 1.000001
5 0.002079 -0.002684 3.544634 r 0.000687 0.000305 -0.000137 1.000001
6 0.002483 -0.003568 4.169814 r 0.000745 0.000333 -0.000138 1.000001
7 0.002917 -0.004523 4.794974 r 0.000780 0.000358 -0.000139 1.000001
8 0.003382 -0.005518 5.420118 r 0.000797 0.000380 -0.000139 1.000001
9 0.003862 -0.006515 6.045236 r 0.000799 0.000386 -0.000139 1.000001
Residuals: 0.880200
Step 28
0 0.000091 -0.000041 0.419350 r 0.000608 0.000773 -0.000084 1.000000
1 0.001063 -0.000763 1.044536 r 0.000668 0.000765 -0.000101 1.000000
2 0.002022 -0.001596 1.669734 r 0.000744 0.000764 -0.000107 1.000000
3 0.002988 -0.002487 2.294907 r 0.000778 0.000799 -0.000116 1.000000
4 0.003419 -0.003192 2.920133 r 0.000795 0.000713 -0.000118 1.000000
5 0.004326 -0.004211 3.545324 r 0.000859 0.000713 -0.000126 1.000000
6 0.005248 -0.005296 4.170500 r 0.000898 0.000754 -0.000126 1.000000
7 0.006210 -0.006439 4.795660 r 0.000929 0.000782 -0.000127 1.000000
8 0.007205 -0.007618 5.420801 r 0.000944 0.000804 -0.000127 1.000000
9 0.008214 -0.008800 6.045918 r 0.000946 0.000810 -0.000127 1.000000
Residuals: 0.680713
Step 29
0 0.000085 -0.000033 0.419773 r 0.000609 0.000909 -0.000066 1.000000
1 0.001223 -0.000756 1.044939 r 0.000668 0.000903 -0.000083 1.000000
2 0.002353 -0.001588 1.670110 r 0.000740 0.000907 -0.000089 1.000000
3 0.003496 -0.002475 2.295275 r 0.000771 0.000947 -0.000098 1.000000
4 0.004111 -0.003169 2.920468 r 0.000783 0.000867 -0.000101 1.000000
5 0.005212 -0.004171 3.545628 r 0.000843 0.000873 -0.000109 1.000000
6 0.006335 -0.005235 4.170801 r 0.000879 0.000918 -0.000109 1.000000
7 0.007505 -0.006352 4.795958 r 0.000907 0.000949 -0.000110 1.000000
8 0.008713 -0.007501 5.421100 r 0.000920 0.000977 -0.000110 1.000000
9 0.009939 -0.008652 6.046216 r 0.000921 0.000983 -0.000110 1.000000
Residuals: 0.276724
Step 30
0 0.000069 -0.000033 0.419823 r 0.000423 0.000851 -0.000044 1.000000
1 0.001134 -0.000527 1.044984 r 0.000481 0.000845 -0.000061 1.000000
2 0.002185 -0.001137 1.670147 r 0.000538 0.000851 -0.000067 1.000000
3 0.003252 -0.001778 2.295305 r 0.000548 0.000893 -0.000078 1.000000
4 0.003799 -0.002194 2.920491 r 0.000557 0.000811 -0.000080 1.000000
5 0.004825 -0.002910 3.545644 r 0.000595 0.000817 -0.000089 1.000000
6 0.005878 -0.003657 4.170813 r 0.000612 0.000863 -0.000089 1.000000
7 0.006977 -0.004433 4.795965 r 0.000628 0.000894 -0.000090 1.000000
8 0.008114 -0.005230 5.421107 r 0.000639 0.000918 -0.000091 1.000000
9 0.009265 -0.006030 6.046224 r 0.000640 0.000923 -0.000091 1.000000
Residuals: 1.518743
Step 31
0 0.000042 0.000013 0.419593 r 0.000003 0.000592 -0.000017 1.000000
1 0.000788 0.000045 1.044757 r 0.000062 0.000582 -0.000033 1.000001
2 0.001511 -0.000041 1.669921 r 0.000120 0.000587 -0.000040 1.000001
3 0.002248 -0.000159 2.295076 r 0.000132 0.000628 -0.000050 1.000001
4 0.002463 -0.000055 2.920261 r 0.000144 0.000543 -0.000054 1.000001
5 0.003154 -0.000254 3.545409 r 0.000183 0.000548 -0.000063 1.000001
6 0.003869 -0.000486 4.170572 r 0.000202 0.000592 -0.000063 1.000001
7 0.004630 -0.000750 4.795722 r 0.000218 0.000622 -0.000064 1.000001
8 0.005427 -0.001035 5.420863 r 0.000230 0.000646 -0.000065 1.000001
9 0.006239 -0.001323 6.045981 r 0.000231 0.000651 -0.000065 1.000001
Residuals: 0.576378
Step 32
0 -0.000010 0.000066 0.419090 r -0.000374 0.000119 -0.000016 1.000001
1 0.000145 0.000580 1.044259 r -0.000316 0.000107 -0.000033 1.000001
2 0.000272 0.000968 1.669424 r -0.000257 0.000113 -0.000041 1.000001
3 0.000417 0.001322 2.294583 r -0.000241 0.000156 -0.000049 1.000001
4 0.000044 0.001892 2.919777 r -0.000220 0.000071 -0.000054 1.000001
5 0.000147 0.002148 3.544928 r -0.000179 0.000078 -0.000063 1.000001
6 0.000277 0.002367 4.170094 r -0.000158 0.000125 -0.000064 1.000001
7 0.000454 0.002553 4.795244 r -0.000140 0.000156 -0.000065 1.000001
8 0.000670 0.002713 5.420387 r -0.000126 0.000181 -0.000066 1.000001
9 0.000901 0.002871 6.045505 r -0.000125 0.000187 -0.000066 1.000001
Residuals: 0.869133
Step 33
0 -0.000077 0.000095 0.418997 r -0.000515 -0.000431 -0.000017 1.000001
1 -0.000611 0.000785 1.044165 r -0.000454 -0.000441 -0.000034 1.000001
2 -0.001170 0.001348 1.669330 r -0.000393 -0.000433 -0.000042 1.000001
3 -0.001704 0.001877 2.294494 r -0.000361 -0.000378 -0.000050 1.000001
4 -0.002740 0.002598 2.919695 r -0.000322 -0.000451 -0.000055 1.000001
5 -0.003289 0.002983 3.544848 r -0.000279 -0.000441 -0.000066 1.000001
6 -0.003812 0.003328 4.170018 r -0.000254 -0.000395 -0.000065 1.000001
7 -0.004280 0.003628 4.795174 r -0.000226 -0.000357 -0.000066 1.000001
8 -0.004705 0.003893 5.420319 r -0.000210 -0.000331 -0.000068 1.000001
9 -0.005115 0.004155 6.045437 r -0.000209 -0.000326 -0.000068 1.000001
Residuals: 1.198023
Step 34
0 -0.000127 0.000120 0.419442 r -0.000459 -0.000835 -0.000009 1.000000
1 -0.001165 0.000764 1.044607 r -0.000387 -0.000840 -0.000027 1.000001
2 -0.002220 0.001261 1.669769 r -0.000306 -0.000822 -0.000036 1.000001
3 -0.003234 0.001692 2.294945 r -0.000246 -0.000753 -0.000044 1.000000
4 -0.004737 0.002271 2.920145 r -0.000204 -0.000821 -0.000049 1.000000
5 -0.005738 0.002507 3.545295 r -0.000135 -0.000794 -0.000060 1.000001
6 -0.006700 0.002671 4.170464 r -0.000107 -0.000744 -0.000060 1.000001
7 -0.007595 0.002779 4.795626 r -0.000065 -0.000695 -0.000062 1.000001
8 -0.008438 0.002837 5.420771 r -0.000042 -0.000663 -0.000064 1.000001
9 -0.009260 0.002891 6.045894 r -0.000043 -0.000655 -0.000065 1.000001
Residuals: 0.883685
Step 35
0 -0.000116 0.000122 0.419668 r -0.000216 -0.000973 0.000003 1.000000
1 -0.001308 0.000482 1.044837 r -0.000129 -0.000987 -0.000017 1.000001
2 -0.002530 0.000670 1.670019 r -0.000021 -0.000984 -0.000028 1.000001
3 -0.003735 0.000749 2.295221 r 0.000074 -0.000934 -0.000039 1.000000
4 -0.005461 0.000928 2.920416 r 0.000123 -0.001002 -0.000043 1.000000
5 -0.006688 0.000742 3.545591 r 0.000232 -0.000994 -0.000056 1.000001
6 -0.007903 0.000433 4.170752 r 0.000293 -0.000959 -0.000056 1.000001
7 -0.009073 0.000025 4.795927 r 0.000358 -0.000920 -0.000059 1.000001
8 -0.010202 -0.000457 5.421077 r 0.000392 -0.000892 -0.000062 1.000001
9 -0.011311 -0.000947 6.046196 r 0.000392 -0.000884 -0.000062 1.000001
Residuals: 1.264333
Step 36
0 -0.000101 0.000068 0.419538 r 0.000292 -0.000927 0.000024 1.000000
1 -0.001231 -0.000205 1.044730 r 0.000381 -0.000944 0.000004 1.000001
2 -0.002396 -0.000654 1.669929 r 0.000493 -0.000946 -0.000008 1.000001
3 -0.003551 -0.001218 2.295154 r 0.000594 -0.000903 -0.000019 1.000000
4 -0.005238 -0.001691 2.920359 r 0.000649 -0.000977 -0.000024 1.000000
5 -0.006433 -0.002537 3.545563 r 0.000764 -0.000975 -0.000037 1.000000
6 -0.007625 -0.003516 4.170751 r 0.000831 -0.000944 -0.000037 1.000000
7 -0.008778 -0.004600 4.795945 r 0.000899 -0.000908 -0.000040 1.000000
8 -0.009893 -0.005761 5.421106 r 0.000936 -0.000881 -0.000042 1.000000
9 -0.010989 -0.006931 6.046224 r 0.000936 -0.000873 -0.000043 1.000000
Residuals: 1.482760
Step 37
0 -0.000093 0.000064 0.419633 r 0.000603 -0.000734 0.000043 1.000001
1 -0.000989 -0.000577 1.044824 r 0.000704 -0.000744 0.000019 1.000001
2 -0.001904 -0.001415 1.670019 r 0.000840 -0.000731 0.000006 1.000001
3 -0.002786 -0.002405 2.295234 r 0.000972 -0.000667 -0.000007 1.000000
4 -0.004168 -0.003350 2.920437 r 0.001060 -0.000718 -0.000013 1.000000
5 -0.005034 -0.004720 3.545626 r 0.001191 -0.000705 -0.000027 1.000000
6 -0.005887 -0.006236 4.170814 r 0.001266 -0.000668 -0.000025 1.000000
7 -0.006686 -0.007875 4.796000 r 0.001352 -0.000619 -0.000028 1.000000
8 -0.007439 -0.009606 5.421159 r 0.001392 -0.000593 -0.000030 1.000000
9 -0.008172 -0.011347 6.046275 r 0.001393 -0.000583 -0.000029 1.000000
Residuals: 0.701881
Step 38
0 -0.000052 0.000102 0.419676 r 0.000630 -0.000337 0.000059 1.000001
1 -0.000452 -0.000543 1.044875 r 0.000748 -0.000342 0.000032 1.000001
2 -0.000859 -0.001417 1.670098 r 0.000919 -0.000317 0.000016 1.000001
3 -0.001214 -0.002496 2.295355 r 0.001097 -0.000236 0.000001 1.000000
4 -0.002045 -0.003600 2.920566 r 0.001237 -0.000268 -0.000006 1.000000
5 -0.002333 -0.005202 3.545778 r 0.001416 -0.000234 -0.000021 1.000000
6 -0.002584 -0.007016 4.170966 r 0.001532 -0.000180 -0.000018 1.000000
7 -0.002762 -0.009005 4.796174 r 0.001645 -0.000117 -0.000021 1.000000
8 -0.002881 -0.011115 5.421331 r 0.001700 -0.000083 -0.000022 1.000000
9 -0.002975 -0.013241 6.046448 r 0.001703 -0.000071 -0.000022 1.000000
Residuals: 0.647402
Step 39
0 0.000011 0.000147 0.419333 r 0.000490 0.000281 0.000084 1.000001
1 0.000379 -0.000306 1.044536 r 0.000621 0.000280 0.000055 1.000001
2 0.000751 -0.001007 1.669794 r 0.000813 0.000315 0.000037 1.000001
3 0.001192 -0.001949 2.295099 r 0.001020 0.000410 0.000021 1.000000
4 0.001176 -0.002958 2.920336 r 0.001191 0.000394 0.000013 1.000000
5 0.001723 -0.004509 3.545603 r 0.001400 0.000443 -0.000002 1.000000
6 0.002328 -0.006314 4.170838 r 0.001541 0.000512 -0.000000 1.000000
7 0.003023 -0.008325 4.796080 r 0.001671 0.000584 -0.000003 1.000000
8 0.003785 -0.010475 5.421255 r 0.001734 0.000624 -0.000004 1.000000
9 0.004576 -0.012645 6.046375 r 0.001738 0.000638 -0.000003 1.000000
Residuals: 0.329393
Step 40
0 0.000028 0.000184 0.419291 r 0.000209 0.000693 0.000124 1.000001
1 0.000895 0.000092 1.044510 r 0.000341 0.000703 0.000094 1.000001
2 0.001786 -0.000248 1.669804 r 0.000535 0.000762 0.000074 1.000001
3 0.002782 -0.000831 2.295154 r 0.000743 0.000890 0.000057 1.000000
4 0.003371 -0.001484 2.920412 r 0.000915 0.000910 0.000048 1.000000
5 0.004575 -0.002683 3.545724 r 0.001124 0.000995 0.000033 1.000000
6 0.005884 -0.004138 4.170995 r 0.001263 0.001092 0.000035 1.000000
7 0.007318 -0.005801 4.796262 r 0.001393 0.001185 0.000032 0.999999
8 0.008842 -0.007602 5.421451 r 0.001453 0.001236 0.000032 1.000000
9 0.010400 -0.009420 6.046573 r 0.001456 0.001252 0.000033 1.000000
Residuals: 0.292231
Step 41
0 0.000035 0.000207 0.419365 r -0.000156 0.000909 0.000180 1.000001
1 0.001163 0.000563 1.044595 r -0.000031 0.000923 0.000148 1.000001
2 0.002323 0.000685 1.669911 r 0.000149 0.000990 0.000128 1.000001
3 0.003602 0.000587 2.295291 r 0.000339 0.001130 0.000109 1.000000
4 0.004492 0.000445 2.920557 r 0.000491 0.001164 0.000098 1.000000
5 0.006017 -0.000216 3.545900 r 0.000683 0.001261 0.000082 1.000000
6 0.007661 -0.001113 4.171196 r 0.000809 0.001366 0.000084 1.000000
7 0.009440 -0.002201 4.796480 r 0.000930 0.001463 0.000081 1.000000
8 0.011313 -0.003419 5.421676 r 0.000986 0.001516 0.000080 1.000000
9 0.013220 -0.004652 6.046799 r 0.000988 0.001532 0.000082 1.000000
Residuals: 0.952368
Step 42
0 0.000060 0.000202 0.419535 r -0.000453 0.000957 0.000269 1.000001
1 0.001251 0.000928 1.044754 r -0.000329 0.000969 0.000238 1.000001
2 0.002471 0.001421 1.670060 r -0.000150 0.001032 0.000216 1.000001
3 0.003803 0.001694 2.295432 r 0.000040 0.001165 0.000197 1.000000
4 0.004736 0.001924 2.920693 r 0.000192 0.001192 0.000187 1.000000
5 0.006294 0.001636 3.546032 r 0.000384 0.001282 0.000170 1.000000
6 0.007961 0.001112 4.171326 r 0.000511 0.001381 0.000172 1.000000
7 0.009756 0.000397 4.796610 r 0.000632 0.001474 0.000169 1.000000
8 0.011639 -0.000445 5.421810 r 0.000686 0.001521 0.000167 1.000000
9 0.013552 -0.001303 6.046934 r 0.000688 0.001535 0.000168 1.000000
Residuals: 0.585688
Step 43
0 0.000041 0.000191 0.419752 r -0.000496 0.000787 0.000376 1.000001
1 0.001011 0.000971 1.044969 r -0.000375 0.000804 0.000345 1.000001
2 0.002024 0.001521 1.670271 r -0.000197 0.000868 0.000324 1.000001
3 0.003151 0.001855 2.295638 r -0.000011 0.001003 0.000305 1.000000
4 0.003881 0.002149 2.920891 r 0.000139 0.001032 0.000294 1.000000
5 0.005238 0.001927 3.546223 r 0.000328 0.001123 0.000278 1.000001
6 0.006707 0.001474 4.171511 r 0.000454 0.001223 0.000280 1.000001
7 0.008305 0.000831 4.796790 r 0.000573 0.001317 0.000277 1.000000
8 0.009992 0.000062 5.421981 r 0.000627 0.001365 0.000275 1.000000
9 0.011709 -0.000721 6.047103 r 0.000629 0.001379 0.000276 1.000000
Residuals: 0.664402
Step 44
0 0.000038 0.000152 0.419607 r -0.000333 0.000454 0.000487 1.000001
1 0.000606 0.000725 1.044819 r -0.000214 0.000464 0.000456 1.000002
2 0.001193 0.001077 1.670120 r -0.000037 0.000524 0.000434 1.000002
3 0.001896 0.001207 2.295484 r 0.000160 0.000651 0.000424 1.000001
4 0.002188 0.001283 2.920729 r 0.000311 0.000657 0.000414 1.000001
5 0.003069 0.000841 3.546063 r 0.000504 0.000721 0.000397 1.000001
6 0.004027 0.000163 4.171354 r 0.000633 0.000799 0.000398 1.000001
7 0.005089 -0.000705 4.796630 r 0.000756 0.000884 0.000395 1.000001
8 0.006228 -0.001704 5.421824 r 0.000812 0.000924 0.000392 1.000001
9 0.007394 -0.002719 6.046947 r 0.000814 0.000938 0.000393 1.000001
Residuals: 2.010566
Step 45
0 -0.000008 0.000082 0.419178 r 0.000064 -0.000106 0.000621 1.000001
1 -0.000140 0.000154 1.044394 r 0.000181 -0.000097 0.000589 1.000002
2 -0.000249 0.000007 1.669695 r 0.000357 -0.000037 0.000565 1.000002
3 -0.000249 -0.000356 2.295064 r 0.000548 0.000088 0.000554 1.000001
4 -0.000662 -0.000767 2.920301 r 0.000698 0.000092 0.000544 1.000001
5 -0.000487 -0.001693 3.545618 r 0.000891 0.000156 0.000527 1.000001
6 -0.000237 -0.002855 4.170894 r 0.001020 0.000232 0.000528 1.000001
7 0.000116 -0.004208 4.796170 r 0.001142 0.000317 0.000524 1.000001
8 0.000545 -0.005689 5.421358 r 0.001198 0.000357 0.000522 1.000001
9 0.001002 -0.007187 6.046483 r 0.001201 0.000370 0.000523 1.000001
Residuals: 1.830924
Step 46
0 -0.000045 0.000057 0.418851 r 0.000423 -0.000483 0.000654 1.000001
1 -0.000647 -0.000320 1.044064 r 0.000544 -0.000473 0.000622 1.000001
2 -0.001227 -0.000922 1.669364 r 0.000727 -0.000412 0.000598 1.000001
3 -0.001695 -0.001751 2.294727 r 0.000927 -0.000286 0.000587 1.000000
4 -0.002574 -0.002635 2.919961 r 0.001081 -0.000280 0.000577 1.000000
5 -0.002862 -0.004040 3.545276 r 0.001277 -0.000214 0.000560 1.000000
6 -0.003072 -0.005687 4.170549 r 0.001410 -0.000135 0.000561 1.000000
7 -0.003177 -0.007528 4.795824 r 0.001534 -0.000049 0.000558 1.000000
8 -0.003203 -0.009500 5.421010 r 0.001591 -0.000008 0.000556 1.000000
9 -0.003201 -0.011489 6.046133 r 0.001593 0.000006 0.000557 1.000000
Residuals: 0.881246
Step 47
0 -0.000058 0.000090 0.419411 r 0.000437 -0.000657 0.000621 1.000001
1 -0.000871 -0.000275 1.044634 r 0.000574 -0.000644 0.000586 1.000001
2 -0.001654 -0.000894 1.669941 r 0.000791 -0.000575 0.000560 1.000001
3 -0.002312 -0.001794 2.295308 r 0.001037 -0.000437 0.000547 1.000000
4 -0.003367 -0.002819 2.920542 r 0.001243 -0.000417 0.000535 1.000000
5 -0.003812 -0.004440 3.545854 r 0.001490 -0.000337 0.000518 1.000000
6 -0.004166 -0.006370 4.171124 r 0.001664 -0.000245 0.000519 1.000000
7 -0.004399 -0.008547 4.796394 r 0.001817 -0.000149 0.000517 1.000000
8 -0.004546 -0.010887 5.421576 r 0.001888 -0.000102 0.000515 1.000000
9 -0.004660 -0.013248 6.046695 r 0.001892 -0.000086 0.000517 1.000000
Residuals: 0.978494
Step 48
0 -0.000053 0.000139 0.419504 r 0.000261 -0.000628 0.000580 1.000001
1 -0.000831 0.000020 1.044735 r 0.000413 -0.000610 0.000543 1.000001
2 -0.001567 -0.000380 1.670069 r 0.000659 -0.000529 0.000515 1.000001
3 -0.002160 -0.001106 2.295477 r 0.000945 -0.000374 0.000500 1.000000
4 -0.003125 -0.002016 2.920758 r 0.001195 -0.000335 0.000487 1.000000
5 -0.003456 -0.003586 3.546115 r 0.001483 -0.000235 0.000469 1.000000
6 -0.003670 -0.005522 4.171425 r 0.001692 -0.000127 0.000470 1.000000
7 -0.003747 -0.007750 4.796723 r 0.001869 -0.000018 0.000468 1.000000
8 -0.003724 -0.010166 5.421921 r 0.001952 0.000036 0.000467 1.000000
9 -0.003663 -0.012608 6.047042 r 0.001958 0.000054 0.000468 1.000000
Residuals: 0.641925
Step 49
0 -0.000009 0.000183 0.419303 r -0.000041 -0.000348 0.000537 1.000001
1 -0.000431 0.000452 1.044554 r 0.000120 -0.000330 0.000497 1.000002
2 -0.000812 0.000425 1.669927 r 0.000381 -0.000248 0.000469 1.000002
3 -0.001048 0.000049 2.295386 r 0.000687 -0.000093 0.000453 1.000001
4 -0.001655 -0.000540 2.920726 r 0.000959 -0.000052 0.000440 1.000001
5 -0.001628 -0.001821 3.546141 r 0.001269 0.000049 0.000422 1.000001
6 -0.001483 -0.003498 4.171500 r 0.001496 0.000160 0.000423 1.000000
7 -0.001200 -0.005489 4.796834 r 0.001685 0.000270 0.000421 1.000000
8 -0.000815 -0.007681 5.422050 r 0.001775 0.000326 0.000420 1.000000
9 -0.000392 -0.009903 6.047179 r 0.001782 0.000345 0.000422 1.000000
Residuals: 0.219264
Step 50
0 0.000052 0.000210 0.418901 r -0.000222 0.000165 0.000521 1.000001
1 0.000269 0.000714 1.044155 r -0.000064 0.000177 0.000481 1.000002
2 0.000524 0.000922 1.669536 r 0.000201 0.000257 0.000450 1.000002
3 0.000922 0.000773 2.295009 r 0.000514 0.000411 0.000434 1.000001
4 0.000947 0.000400 2.920366 r 0.000796 0.000451 0.000420 1.000001
5 0.001606 -0.000679 3.545800 r 0.001115 0.000553 0.000402 1.000001
6 0.002381 -0.002165 4.171177 r 0.001349 0.000663 0.000402 1.000000
7 0.003294 -0.003975 4.796525 r 0.001543 0.000774 0.000400 1.000000
8 0.004308 -0.005990 5.421750 r 0.001635 0.000830 0.000399 1.000000
9 0.005362 -0.008037 6.046879 r 0.001641 0.000849 0.000401 1.000000
Residuals: 0.114092
Step 51
0 0.000112 0.000186 0.419003 r -0.000107 0.000572 0.000555 1.000001
1 0.000840 0.000546 1.044251 r 0.000051 0.000584 0.000514 1.000001
2 0.001607 0.000607 1.669639 r 0.000311 0.000654 0.000484 1.000002
3 0.002500 0.000318 2.295130 r 0.000619 0.000793 0.000467 1.000001
4 0.002998 -0.000189 2.920508 r 0.000895 0.000816 0.000453 1.000001
5 0.004105 -0.001392 3.545962 r 0.001209 0.000900 0.000434 1.000000
6 0.005306 -0.002995 4.171353 r 0.001438 0.000996 0.000434 1.000000
7 0.006628 -0.004915 4.796709 r 0.001629 0.001096 0.000430 1.000000
8 0.008040 -0.007036 5.421938 r 0.001720 0.001146 0.000429 1.000000
9 0.009487 -0.009188 6.047067 r 0.001726 0.001164 0.000431 1.000000
Residuals: 1.057238
Step 52
0 0.000106 0.000146 0.419185 r 0.000191 0.000662 0.000551 1.000001
1 0.000945 0.000131 1.044433 r 0.000348 0.000674 0.000510 1.000001
2 0.001823 -0.000180 1.669807 r 0.000605 0.000745 0.000479 1.000002
3 0.002829 -0.000838 2.295271 r 0.000910 0.000884 0.000463 1.000000
4 0.003440 -0.001708 2.920620 r 0.001182 0.000908 0.000448 1.000000
5 0.004662 -0.003269 3.546043 r 0.001492 0.000993 0.000429 1.000000
6 0.005979 -0.005225 4.171408 r 0.001718 0.001089 0.000429 1.000000
7 0.007418 -0.007494 4.796745 r 0.001907 0.001189 0.000426 0.999999
8 0.008947 -0.009963 5.421963 r 0.001997 0.001240 0.000425 0.999999
9 0.010511 -0.012463 6.047089 r 0.002003 0.001257 0.000426 0.999999
Residuals: 0.897011
Step 53
0 0.000061 0.000098 0.419360 r 0.000429 0.000543 0.000573 1.000001
1 0.000749 -0.000218 1.044607 r 0.000583 0.000557 0.000532 1.000001
2 0.001479 -0.000825 1.669978 r 0.000834 0.000630 0.000501 1.000002
3 0.002338 -0.001770 2.295438 r 0.001131 0.000770 0.000484 1.000000
4 0.002806 -0.002917 2.920782 r 0.001396 0.000795 0.000469 1.000000
5 0.003886 -0.004745 3.546202 r 0.001700 0.000881 0.000450 1.000000
6 0.005063 -0.006957 4.171562 r 0.001920 0.000978 0.000450 0.999999
7 0.006363 -0.009476 4.796896 r 0.002105 0.001079 0.000446 0.999999
8 0.007755 -0.012190 5.422113 r 0.002192 0.001130 0.000445 0.999999
9 0.009183 -0.014931 6.047236 r 0.002196 0.001148 0.000447 0.999999
Residuals: 1.271879
Step 54
0 -0.000022 0.000088 0.419400 r 0.000407 0.000218 0.000575 1.000001
1 0.000253 -0.000208 1.044644 r 0.000558 0.000233 0.000533 1.000002
2 0.000574 -0.000787 1.670011 r 0.000801 0.000310 0.000501 1.000002
3 0.001031 -0.001693 2.295465 r 0.001088 0.000456 0.000484 1.000000
4 0.001102 -0.002785 2.920803 r 0.001342 0.000486 0.000469 1.000000
5 0.001794 -0.004541 3.546217 r 0.001634 0.000576 0.000449 1.000000
6 0.002591 -0.006668 4.171573 r 0.001845 0.000676 0.000449 1.000000
7 0.003515 -0.009089 4.796904 r 0.002024 0.000779 0.000445 0.999999
8 0.004533 -0.011699 5.422120 r 0.002108 0.000832 0.000444 0.999999
9 0.005588 -0.014333 6.047241 r 0.002109 0.000850 0.000446 0.999999
Residuals: 1.903754
Step 55
0 -0.000077 0.000128 0.419080 r 0.000148 -0.000252 0.000552 1.000001
1 -0.000391 0.000162 1.044329 r 0.000301 -0.000234 0.000510 1.000002
2 -0.000656 -0.000092 1.669701 r 0.000548 -0.000153 0.000478 1.000002
3 -0.000780 -0.000681 2.295155 r 0.000835 -0.000007 0.000461 1.000001
4 -0.001287 -0.001456 2.920492 r 0.001088 0.000025 0.000446 1.000001
5 -0.001171 -0.002895 3.545907 r 0.001381 0.000116 0.000427 1.000001
6 -0.000950 -0.004705 4.171263 r 0.001592 0.000218 0.000426 1.000000
7 -0.000599 -0.006812 4.796598 r 0.001773 0.000322 0.000423 1.000000
8 -0.000153 -0.009107 5.421814 r 0.001857 0.000374 0.000422 1.000000
9 0.000331 -0.011427 6.046938 r 0.001858 0.000394 0.000424 1.000000
Residuals: 1.202352
Step 56
0 -0.000117 0.000180 0.418956 r -0.000230 -0.000602 0.000528 1.000001
1 -0.000869 0.000688 1.044203 r -0.000075 -0.000584 0.000486 1.000002
2 -0.001569 0.000902 1.669576 r 0.000201 -0.000495 0.000452 1.000002
3 -0.002114 0.000743 2.295027 r 0.000516 -0.000338 0.000435 1.000001
4 -0.003029 0.000361 2.920360 r 0.000796 -0.000296 0.000420 1.000001
5 -0.003311 -0.000715 3.545768 r 0.001098 -0.000200 0.000402 1.000001
6 -0.003480 -0.002177 4.171127 r 0.001323 -0.000091 0.000402 1.000001
7 -0.003513 -0.003952 4.796468 r 0.001510 0.000015 0.000399 1.000001
8 -0.003448 -0.005922 5.421687 r 0.001597 0.000072 0.000398 1.000001
9 -0.003343 -0.007918 6.046812 r 0.001598 0.000091 0.000400 1.000001
Residuals: 0.805317
Step 57
0 -0.000112 0.000207 0.419368 r -0.000442 -0.000686 0.000520 1.000001
1 -0.000956 0.000980 1.044629 r -0.000282 -0.000672 0.000476 1.000002
2 -0.001757 0.001452 1.670038 r 0.000001 -0.000594 0.000441 1.000002
3 -0.002417 0.001541 2.295535 r 0.000324 -0.000450 0.000423 1.000001
4 -0.003468 0.001393 2.920911 r 0.000614 -0.000423 0.000408 1.000001
5 -0.003909 0.000538 3.546347 r 0.000927 -0.000341 0.000389 1.000001
6 -0.004257 -0.000715 4.171729 r 0.001160 -0.000243 0.000389 1.000001
7 -0.004486 -0.002291 4.797076 r 0.001353 -0.000144 0.000386 1.000001
8 -0.004625 -0.004069 5.422304 r 0.001445 -0.000094 0.000384 1.000001
9 -0.004728 -0.005875 6.047431 r 0.001446 -0.000075 0.000387 1.000001
Residuals: 0.675810
Step 58
0 -0.000076 0.000205 0.419540 r -0.000407 -0.000587 0.000502 1.000001
1 -0.000794 0.000938 1.044790 r -0.000245 -0.000573 0.000458 1.000002
2 -0.001470 0.001366 1.670187 r 0.000042 -0.000496 0.000423 1.000002
3 -0.002007 0.001404 2.295669 r 0.000372 -0.000353 0.000405 1.000001
4 -0.002934 0.001196 2.921031 r 0.000669 -0.000326 0.000389 1.000001
5 -0.003252 0.000270 3.546454 r 0.000988 -0.000243 0.000370 1.000001
6 -0.003478 -0.001062 4.171826 r 0.001227 -0.000146 0.000370 1.000001
7 -0.003585 -0.002724 4.797166 r 0.001424 -0.000047 0.000367 1.000001
8 -0.003602 -0.004592 5.422388 r 0.001517 0.000004 0.000365 1.000001
9 -0.003582 -0.006489 6.047514 r 0.001521 0.000023 0.000368 1.000001
Residuals: 0.417288
Step 59
0 -0.000026 0.000175 0.419385 r -0.000148 -0.000246 0.000486 1.000002
1 -0.000307 0.000588 1.044639 r 0.000016 -0.000237 0.000441 1.000002
2 -0.000554 0.000688 1.670042 r 0.000308 -0.000170 0.000405 1.000002
3 -0.000677 0.000389 2.295533 r 0.000645 -0.000039 0.000386 1.000001
4 -0.001209 -0.000164 2.920906 r 0.000949 -0.000025 0.000370 1.000001
5 -0.001150 -0.001444 3.546339 r 0.001276 0.000045 0.000351 1.000001
6 -0.001018 -0.003142 4.171718 r 0.001521 0.000133 0.000350 1.000001
7 -0.000779 -0.005175 4.797063 r 0.001723 0.000226 0.000347 1.000000
8 -0.000459 -0.007420 5.422287 r 0.001820 0.000273 0.000346 1.000000
9 -0.000103 -0.009697 6.047414 r 0.001824 0.000291 0.000348 1.000000
Residuals: 1.272992
Step 60
0 0.000038 0.000132 0.418850 r 0.000334 0.000283 0.000476 1.000002
1 0.000417 -0.000057 1.044100 r 0.000499 0.000292 0.000431 1.000002
2 0.000831 -0.000560 1.669495 r 0.000793 0.000361 0.000395 1.000002
3 0.001374 -0.001464 2.294976 r 0.001133 0.000495 0.000376 1.000000
4 0.001509 -0.002627 2.920338 r 0.001440 0.000511 0.000359 1.000000
5 0.002239 -0.004521 3.545761 r 0.001769 0.000584 0.000340 1.000000
6 0.003046 -0.006835 4.171133 r 0.002016 0.000674 0.000339 1.000000
7 0.003962 -0.009488 4.796472 r 0.002219 0.000768 0.000336 0.999999
8 0.004961 -0.012352 5.421692 r 0.002315 0.000817 0.000335 0.999999
9 0.005997 -0.015248 6.046817 r 0.002320 0.000835 0.000337 0.999999
Residuals: 0.969151
Step 61
0 0.000053 0.000108 0.419228 r 0.000656 0.000588 0.000480 1.000001
1 0.000800 -0.000469 1.044486 r 0.000824 0.000606 0.000434 1.000002
2 0.001599 -0.001365 1.669889 r 0.001124 0.000695 0.000397 1.000002
3 0.002558 -0.002670 2.295378 r 0.001469 0.000856 0.000377 1.000000
4 0.003151 -0.004245 2.920746 r 0.001783 0.000904 0.000360 1.000000
5 0.004383 -0.006564 3.546172 r 0.002118 0.001007 0.000340 0.999999
6 0.005732 -0.009311 4.171544 r 0.002368 0.001123 0.000340 0.999999
7 0.007221 -0.012405 4.796882 r 0.002573 0.001234 0.000337 0.999998
8 0.008807 -0.015712 5.422099 r 0.002668 0.001286 0.000336 0.999998
9 0.010430 -0.019048 6.047220 r 0.002672 0.001305 0.000338 0.999998
Residuals: 0.831051
Step 62
0 0.000020 0.000082 0.419679 r 0.000830 0.000627 0.000480 1.000001
1 0.000787 -0.000714 1.044945 r 0.000991 0.000660 0.000431 1.000001
2 0.001632 -0.001815 1.670364 r 0.001276 0.000779 0.000391 1.000002
3 0.002685 -0.003303 2.295871 r 0.001602 0.000981 0.000369 1.000000
4 0.003435 -0.005031 2.921261 r 0.001893 0.001075 0.000351 0.999999
5 0.004888 -0.007473 3.546705 r 0.002205 0.001221 0.000330 0.999999
6 0.006521 -0.010317 4.172091 r 0.002436 0.001374 0.000330 0.999998
7 0.008340 -0.013484 4.797437 r 0.002627 0.001510 0.000328 0.999997
8 0.010282 -0.016851 5.422650 r 0.002714 0.001574 0.000327 0.999997
9 0.012265 -0.020243 6.047769 r 0.002717 0.001593 0.000329 0.999997
Residuals: 1.260610
Step 63
0 -0.000026 0.000073 0.419788 r 0.000812 0.000485 0.000469 1.000001
1 0.000553 -0.000706 1.045052 r 0.000971 0.000520 0.000426 1.000002
2 0.001205 -0.001785 1.670473 r 0.001239 0.000664 0.000383 1.000002
3 0.002105 -0.003222 2.295988 r 0.001540 0.000901 0.000360 1.000000
4 0.002751 -0.004864 2.921387 r 0.001802 0.001031 0.000340 1.000000
5 0.004156 -0.007181 3.546843 r 0.002087 0.001213 0.000319 0.999999
6 0.005789 -0.009864 4.172237 r 0.002295 0.001394 0.000318 0.999998
7 0.007646 -0.012842 4.797589 r 0.002468 0.001550 0.000316 0.999998
8 0.009647 -0.016002 5.422804 r 0.002546 0.001624 0.000315 0.999998
9 0.011692 -0.019184 6.047922 r 0.002547 0.001644 0.000318 0.999997
Residuals: 1.663620
Step 64
0 -0.000100 0.000101 0.419613 r 0.000578 0.000121 0.000464 1.000001
1 -0.000000 -0.000386 1.044872 r 0.000734 0.000172 0.000419 1.000002
2 0.000201 -0.001162 1.670300 r 0.000994 0.000347 0.000374 1.000002
3 0.000697 -0.002285 2.295825 r 0.001284 0.000624 0.000349 1.000000
4 0.001000 -0.003597 2.921233 r 0.001533 0.000799 0.000329 1.000000
5 0.002126 -0.005566 3.546698 r 0.001804 0.001024 0.000307 1.000000
6 0.003537 -0.007885 4.172101 r 0.002000 0.001240 0.000307 0.999999
7 0.005218 -0.010487 4.797459 r 0.002164 0.001421 0.000305 0.999999
8 0.007068 -0.013262 5.422678 r 0.002236 0.001507 0.000305 0.999999
9 0.008969 -0.016054 6.047797 r 0.002235 0.001529 0.000308 0.999998
Residuals: 1.128997
Step 65
0 -0.000153 0.000161 0.419104 r 0.000121 -0.000274 0.000444 1.000002
1 -0.000551 0.000254 1.044382 r 0.000277 -0.000207 0.000397 1.000002
2 -0.000825 0.000054 1.669834 r 0.000536 -0.000011 0.000352 1.000003
3 -0.000775 -0.000489 2.295388 r 0.000827 0.000287 0.000327 1.000001
4 -0.000889 -0.001225 2.920831 r 0.001077 0.000484 0.000306 1.000001
5 -0.000150 -0.002620 3.546328 r 0.001349 0.000729 0.000284 1.000001
6 0.000901 -0.004368 4.171759 r 0.001545 0.000962 0.000283 1.000000
7 0.002241 -0.006401 4.797137 r 0.001709 0.001155 0.000281 1.000000
8 0.003764 -0.008607 5.422367 r 0.001780 0.001246 0.000282 1.000000
9 0.005339 -0.010830 6.047491 r 0.001779 0.001269 0.000285 1.000000
Residuals: 0.888145
Step 66
0 -0.000168 0.000230 0.418928 r -0.000412 -0.000454 0.000430 1.000002
1 -0.000784 0.000997 1.044223 r -0.000245 -0.000385 0.000380 1.000002
2 -0.001274 0.001449 1.669698 r 0.000035 -0.000189 0.000335 1.000003
3 -0.001441 0.001531 2.295276 r 0.000345 0.000110 0.000309 1.000001
4 -0.001772 0.001398 2.920747 r 0.000612 0.000306 0.000288 1.000002
5 -0.001254 0.000581 3.546272 r 0.000899 0.000550 0.000265 1.000002
6 -0.000425 -0.000610 4.171726 r 0.001107 0.000783 0.000264 1.000001
7 0.000691 -0.002101 4.797120 r 0.001280 0.000975 0.000262 1.000001
8 0.001989 -0.003775 5.422360 r 0.001356 0.001067 0.000262 1.000001
9 0.003340 -0.005468 6.047490 r 0.001355 0.001091 0.000266 1.000001
Residuals: 0.489426
Step 67
0 -0.000143 0.000280 0.419394 r -0.000766 -0.000372 0.000416 1.000001
1 -0.000641 0.001495 1.044706 r -0.000591 -0.000307 0.000364 1.000002
2 -0.001021 0.002382 1.670204 r -0.000298 -0.000121 0.000317 1.000003
3 -0.001092 0.002879 2.295809 r 0.000030 0.000165 0.000290 1.000001
4 -0.001353 0.003137 2.921305 r 0.000315 0.000341 0.000268 1.000002
5 -0.000795 0.002685 3.546853 r 0.000620 0.000566 0.000245 1.000002
6 0.000048 0.001836 4.172326 r 0.000843 0.000783 0.000243 1.000001
7 0.001157 0.000668 4.797734 r 0.001026 0.000964 0.000240 1.000001
8 0.002436 -0.000694 5.422982 r 0.001107 0.001051 0.000240 1.000001
9 0.003767 -0.002075 6.048111 r 0.001107 0.001074 0.000243 1.000001
Residuals: 0.335667
Step 68
0 -0.000080 0.000321 0.419535 r -0.000873 -0.000103 0.000395 1.000001
1 -0.000240 0.001677 1.044835 r -0.000695 -0.000039 0.000343 1.000002
2 -0.000282 0.002699 1.670324 r -0.000395 0.000148 0.000296 1.000003
3 -0.000015 0.003320 2.295920 r -0.000059 0.000434 0.000268 1.000001
4 0.000064 0.003689 2.921399 r 0.000236 0.000611 0.000246 1.000002
5 0.000962 0.003334 3.546931 r 0.000550 0.000837 0.000222 1.000002
6 0.002146 0.002570 4.172391 r 0.000780 0.001055 0.000220 1.000001
7 0.003597 0.001478 4.797791 r 0.000968 0.001238 0.000217 1.000001
8 0.005219 0.000187 5.423035 r 0.001052 0.001325 0.000217 1.000001
9 0.006893 -0.001126 6.048163 r 0.001051 0.001349 0.000220 1.000001
Residuals: 0.243321
Step 69
0 -0.000006 0.000310 0.419338 r -0.000771 0.000397 0.000389 1.000001
1 0.000471 0.001538 1.044634 r -0.000592 0.000442 0.000333 1.000002
2 0.001037 0.002428 1.670117 r -0.000285 0.000603 0.000284 1.000003
3 0.001884 0.002908 2.295711 r 0.000060 0.000868 0.000256 1.000001
4 0.002508 0.003122 2.921187 r 0.000365 0.001022 0.000233 1.000001
5 0.003917 0.002598 3.546726 r 0.000691 0.001222 0.000208 1.000001
6 0.005573 0.001650 4.172193 r 0.000932 0.001419 0.000205 1.000001
7 0.007470 0.000362 4.797596 r 0.001128 0.001587 0.000201 1.000000
8 0.009522 -0.001133 5.422842 r 0.001216 0.001667 0.000200 1.000000
9 0.011625 -0.002650 6.047969 r 0.001216 0.001691 0.000203 1.000000
Residuals: 1.396469
Step 70
0 0.000021 0.000265 0.419572 r -0.000415 0.000697 0.000369 1.000001
1 0.000874 0.001046 1.044861 r -0.000236 0.000743 0.000313 1.000002
2 0.001815 0.001490 1.670342 r 0.000069 0.000904 0.000264 1.000002
3 0.003035 0.001527 2.295932 r 0.000404 0.001172 0.000235 1.000001
4 0.004042 0.001310 2.921406 r 0.000707 0.001327 0.000210 1.000001
5 0.005832 0.000359 3.546930 r 0.001031 0.001528 0.000186 1.000001
6 0.007871 -0.001014 4.172383 r 0.001270 0.001724 0.000183 1.000000
7 0.010149 -0.002725 4.797776 r 0.001466 0.001892 0.000179 1.000000
8 0.012583 -0.004642 5.423015 r 0.001554 0.001972 0.000178 0.999999
9 0.015066 -0.006582 6.048139 r 0.001553 0.001996 0.000181 0.999999
Residuals: 0.906595
Step 71
0 0.000017 0.000202 0.419480 r 0.000160 0.000775 0.000335 1.000002
1 0.000967 0.000264 1.044769 r 0.000339 0.000822 0.000279 1.000002
2 0.002006 -0.000010 1.670246 r 0.000644 0.000987 0.000232 1.000002
3 0.003330 -0.000692 2.295832 r 0.000978 0.001256 0.000203 1.000000
4 0.004444 -0.001626 2.921301 r 0.001281 0.001416 0.000181 1.000000
5 0.006345 -0.003295 3.546823 r 0.001605 0.001617 0.000157 1.000000
6 0.008498 -0.005389 4.172270 r 0.001847 0.001817 0.000153 0.999999
7 0.010894 -0.007823 4.797660 r 0.002045 0.001987 0.000150 0.999998
8 0.013447 -0.010466 5.422895 r 0.002134 0.002068 0.000149 0.999998
9 0.016051 -0.013131 6.048016 r 0.002133 0.002093 0.000152 0.999998
Residuals: 1.349329
Step 72
0 0.000003 0.000135 0.419435 r 0.000650 0.000661 0.000328 1.000001
1 0.000809 -0.000425 1.044722 r 0.000824 0.000709 0.000271 1.000002
2 0.001703 -0.001312 1.670199 r 0.001119 0.000873 0.000224 1.000002
3 0.002882 -0.002592 2.295781 r 0.001442 0.001142 0.000194 1.000000
4 0.003851 -0.004107 2.921253 r 0.001731 0.001303 0.000171 1.000000
5 0.005609 -0.006340 3.546775 r 0.002052 0.001501 0.000145 0.999999
6 0.007616 -0.008987 4.172224 r 0.002283 0.001701 0.000142 0.999998
7 0.009866 -0.011962 4.797613 r 0.002474 0.001871 0.000138 0.999998
8 0.012274 -0.015137 5.422846 r 0.002559 0.001952 0.000136 0.999997
9 0.014732 -0.018334 6.047966 r 0.002558 0.001976 0.000140 0.999997
Residuals: 1.636439
Step 73
0 -0.000014 0.000138 0.419670 r 0.000819 0.000344 0.000274 1.000002
1 0.000404 -0.000624 1.044954 r 0.001001 0.000391 0.000219 1.000002
2 0.000902 -0.001731 1.670428 r 0.001298 0.000556 0.000172 1.000002
3 0.001683 -0.003235 2.296005 r 0.001624 0.000825 0.000143 1.000000
4 0.002258 -0.004977 2.921472 r 0.001916 0.000988 0.000119 1.000000
5 0.003623 -0.007442 3.546988 r 0.002240 0.001188 0.000094 0.999999
6 0.005238 -0.010325 4.172433 r 0.002473 0.001389 0.000091 0.999998
7 0.007099 -0.013539 4.797821 r 0.002665 0.001560 0.000087 0.999998
8 0.009118 -0.016954 5.423052 r 0.002751 0.001641 0.000086 0.999998
9 0.011187 -0.020392 6.048173 r 0.002751 0.001666 0.000089 0.999997
Residuals: 0.571231
Step 74
0 -0.000102 0.000149 0.419517 r 0.000824 -0.000228 0.000219 1.000002
1 -0.000421 -0.000614 1.044809 r 0.001005 -0.000167 0.000162 1.000002
2 -0.000636 -0.001718 1.670282 r 0.001298 0.000026 0.000113 1.000002
3 -0.000522 -0.003211 2.295856 r 0.001617 0.000333 0.000083 1.000000
4 -0.000561 -0.004934 2.921317 r 0.001901 0.000537 0.000058 1.000000
5 0.000252 -0.007371 3.546829 r 0.002216 0.000777 0.000033 1.000000
6 0.001367 -0.010217 4.172270 r 0.002441 0.001011 0.000029 0.999999
7 0.002770 -0.013386 4.797655 r 0.002627 0.001205 0.000026 0.999998
8 0.004356 -0.016751 5.422885 r 0.002709 0.001298 0.000026 0.999998
9 0.005997 -0.020136 6.048006 r 0.002709 0.001323 0.000029 0.999998
Residuals: 1.387752
Step 75
0 -0.000125 0.000166 0.419504 r 0.000603 -0.000547 0.000107 1.000002
1 -0.000843 -0.000316 1.044808 r 0.000786 -0.000485 0.000049 1.000003
2 -0.001455 -0.001142 1.670305 r 0.001084 -0.000289 -0.000000 1.000002
3 -0.001735 -0.002365 2.295913 r 0.001409 0.000022 -0.000030 1.000001
4 -0.002160 -0.003827 2.921412 r 0.001699 0.000231 -0.000055 1.000001
5 -0.001728 -0.006012 3.546961 r 0.002020 0.000475 -0.000081 1.000000
6 -0.000987 -0.008616 4.172432 r 0.002251 0.000714 -0.000084 1.000000
7 0.000046 -0.011548 4.797839 r 0.002440 0.000911 -0.000087 0.999999
8 0.001265 -0.014681 5.423082 r 0.002523 0.001005 -0.000088 0.999999
9 0.002540 -0.017833 6.048206 r 0.002523 0.001031 -0.000084 0.999999
Residuals: 0.566859
Step 76
0 -0.000117 0.000231 0.419533 r 0.000136 -0.000647 -0.000029 1.000002
1 -0.000956 0.000356 1.044842 r 0.000332 -0.000582 -0.000089 1.000003
2 -0.001682 0.000112 1.670344 r 0.000657 -0.000379 -0.000140 1.000003
3 -0.002066 -0.000569 2.295956 r 0.001017 -0.000058 -0.000172 1.000001
4 -0.002582 -0.001538 2.921471 r 0.001341 0.000161 -0.000197 1.000001
5 -0.002229 -0.003279 3.547035 r 0.001693 0.000415 -0.000223 1.000001
6 -0.001556 -0.005481 4.172521 r 0.001948 0.000663 -0.000226 1.000000
7 -0.000580 -0.008047 4.797938 r 0.002154 0.000867 -0.000230 1.000000
8 0.000587 -0.010831 5.423188 r 0.002246 0.000966 -0.000230 1.000000
9 0.001814 -0.013637 6.048314 r 0.002246 0.000993 -0.000227 1.000000
Residuals: 0.671389
Step 77
0 -0.000090 0.000283 0.419196 r -0.000353 -0.000508 -0.000110 1.000002
1 -0.000749 0.001021 1.044517 r -0.000144 -0.000441 -0.000173 1.000003
2 -0.001293 0.001372 1.670051 r 0.000197 -0.000235 -0.000226 1.000003
3 -0.001491 0.001260 2.295700 r 0.000577 0.000088 -0.000259 1.000002
4 -0.001820 0.000838 2.921239 r 0.000918 0.000310 -0.000285 1.000002
5 -0.001278 -0.000377 3.546830 r 0.001280 0.000566 -0.000312 1.000002
6 -0.000414 -0.002068 4.172338 r 0.001544 0.000815 -0.000316 1.000001
7 0.000752 -0.004132 4.797771 r 0.001756 0.001020 -0.000320 1.000001
8 0.002110 -0.006421 5.423030 r 0.001851 0.001119 -0.000321 1.000000
9 0.003529 -0.008733 6.048158 r 0.001850 0.001147 -0.000317 1.000000
Residuals: 0.119028
Step 78
0 -0.000020 0.000337 0.419343 r -0.000672 -0.000106 -0.000061 1.000002
1 -0.000163 0.001481 1.044681 r -0.000456 -0.000043 -0.000124 1.000003
2 -0.000199 0.002226 1.670230 r -0.000102 0.000152 -0.000179 1.000003
3 0.000098 0.002487 2.295905 r 0.000295 0.000464 -0.000214 1.000002
4 0.000241 0.002414 2.921476 r 0.000654 0.000668 -0.000240 1.000002
5 0.001230 0.001523 3.547088 r 0.001034 0.000907 -0.000268 1.000002
6 0.002516 0.000132 4.172613 r 0.001313 0.001143 -0.000273 1.000001
7 0.004086 -0.001650 4.798059 r 0.001535 0.001338 -0.000278 1.000001
8 0.005839 -0.003667 5.423323 r 0.001635 0.001433 -0.000279 1.000000
9 0.007650 -0.005711 6.048452 r 0.001636 0.001460 -0.000276 1.000000
Residuals: 0.184735
Step 79
0 0.000073 0.000368 0.419200 r -0.000743 0.000432 -0.000052 1.000002
1 0.000606 0.001606 1.044530 r -0.000524 0.000493 -0.000117 1.000003
2 0.001244 0.002439 1.670076 r -0.000163 0.000687 -0.000172 1.000003
3 0.002212 0.002776 2.295751 r 0.000246 0.000998 -0.000207 1.000001
4 0.003025 0.002764 2.921310 r 0.000614 0.001202 -0.000234 1.000001
5 0.004683 0.001920 3.546911 r 0.001004 0.001441 -0.000262 1.000001
6 0.006639 0.000564 4.172427 r 0.001290 0.001677 -0.000268 1.000000
7 0.008878 -0.001193 4.797865 r 0.001517 0.001873 -0.000273 1.000000
8 0.011300 -0.003191 5.423125 r 0.001620 0.001969 -0.000274 1.000000
9 0.013781 -0.005217 6.048254 r 0.001622 0.001996 -0.000271 0.999999
Residuals: 0.252908
Step 80
0 0.000118 0.000321 0.419616 r -0.000517 0.000849 -0.000056 1.000002
1 0.001168 0.001261 1.044952 r -0.000307 0.000909 -0.000122 1.000003
2 0.002319 0.001813 1.670503 r 0.000035 0.001099 -0.000179 1.000002
3 0.003794 0.001897 2.296181 r 0.000418 0.001405 -0.000214 1.000001
4 0.005110 0.001668 2.921745 r 0.000762 0.001603 -0.000242 1.000001
5 0.007263 0.000643 3.547348 r 0.001128 0.001837 -0.000271 1.000000
6 0.009708 -0.000862 4.172865 r 0.001395 0.002067 -0.000277 0.999999
7 0.012432 -0.002742 4.798303 r 0.001610 0.002259 -0.000282 0.999999
8 0.015335 -0.004850 5.423561 r 0.001706 0.002352 -0.000284 0.999999
9 0.018294 -0.006983 6.048687 r 0.001708 0.002379 -0.000281 0.999999
Residuals: 1.300892
Step 81
0 0.000173 0.000278 0.419705 r -0.000132 0.001045 -0.000073 1.000002
1 0.001473 0.000739 1.045029 r 0.000081 0.001103 -0.000139 1.000003
2 0.002871 0.000807 1.670561 r 0.000429 0.001289 -0.000196 1.000002
3 0.004587 0.000399 2.296217 r 0.000819 0.001590 -0.000231 1.000000
4 0.006135 -0.000333 2.921759 r 0.001170 0.001782 -0.000259 1.000000
5 0.008512 -0.001872 3.547341 r 0.001544 0.002011 -0.000288 1.000000
6 0.011173 -0.003899 4.172841 r 0.001817 0.002237 -0.000294 0.999998
7 0.014108 -0.006311 4.798265 r 0.002036 0.002426 -0.000300 0.999998
8 0.017218 -0.008954 5.423516 r 0.002134 0.002518 -0.000301 0.999997
9 0.020384 -0.011624 6.048639 r 0.002137 0.002545 -0.000298 0.999997
Residuals: 1.433971
Step 82
0 0.000188 0.000227 0.419540 r 0.000432 0.001062 -0.000091 1.000002
1 0.001520 -0.000010 1.044877 r 0.000655 0.001113 -0.000155 1.000002
2 0.002941 -0.000656 1.670422 r 0.001015 0.001289 -0.000211 1.000001
3 0.004668 -0.001787 2.296084 r 0.001406 0.001584 -0.000246 1.000000
4 0.006210 -0.003255 2.921627 r 0.001761 0.001776 -0.000273 0.999999
5 0.008578 -0.005539 3.547218 r 0.002153 0.001989 -0.000302 0.999999
6 0.011204 -0.008335 4.172720 r 0.002439 0.002202 -0.000305 0.999997
7 0.014094 -0.011523 4.798145 r 0.002659 0.002389 -0.000310 0.999996
8 0.017152 -0.014949 5.423395 r 0.002761 0.002476 -0.000312 0.999996
9 0.020266 -0.018403 6.048516 r 0.002765 0.002503 -0.000309 0.999996
Residuals: 1.693035
Step 83
0 0.000142 0.000140 0.419874 r 0.000909 0.000878 -0.000077 1.000002
1 0.001243 -0.000698 1.045201 r 0.001129 0.000929 -0.000141 1.000002
2 0.002432 -0.001941 1.670734 r 0.001485 0.001104 -0.000197 1.000001
3 0.003926 -0.003663 2.296383 r 0.001869 0.001398 -0.000232 0.999999
4 0.005232 -0.005710 2.921922 r 0.002218 0.001587 -0.000259 0.999999
5 0.007361 -0.008564 3.547502 r 0.002603 0.001798 -0.000288 0.999998
6 0.009746 -0.011920 4.172993 r 0.002884 0.002008 -0.000291 0.999996
7 0.012392 -0.015663 4.798410 r 0.003100 0.002194 -0.000297 0.999996
8 0.015206 -0.019639 5.423654 r 0.003201 0.002280 -0.000299 0.999995
9 0.018075 -0.023643 6.048772 r 0.003205 0.002306 -0.000295 0.999995
Residuals: 2.027300
Step 84
0 0.000040 0.000091 0.420072 r 0.001195 0.000489 -0.000066 1.000002
1 0.000648 -0.001112 1.045398 r 0.001411 0.000543 -0.000131 1.000002
2 0.001348 -0.002713 1.670925 r 0.001757 0.000722 -0.000187 1.000001
3 0.002361 -0.004776 2.296566 r 0.002129 0.001022 -0.000222 0.999999
4 0.003195 -0.007147 2.922095 r 0.002464 0.001218 -0.000250 0.999999
5 0.004863 -0.010305 3.547665 r 0.002836 0.001435 -0.000279 0.999998
6 0.006794 -0.013947 4.173149 r 0.003106 0.001649 -0.000282 0.999996
7 0.008993 -0.017962 4.798560 r 0.003314 0.001838 -0.000288 0.999996
8 0.011363 -0.022202 5.423800 r 0.003412 0.001925 -0.000290 0.999995
9 0.013787 -0.026469 6.048917 r 0.003414 0.001951 -0.000287 0.999995
Residuals: 2.391960
Step 85
0 -0.000072 0.000067 0.419945 r 0.001297 -0.000086 -0.000060 1.000002
1 -0.000189 -0.001269 1.045268 r 0.001509 -0.000030 -0.000126 1.000002
2 -0.000210 -0.002996 1.670792 r 0.001848 0.000154 -0.000183 1.000001
3 0.000088 -0.005173 2.296428 r 0.002209 0.000459 -0.000218 1.000000
4 0.000216 -0.007643 2.921952 r 0.002532 0.000660 -0.000246 0.999999
5 0.001185 -0.010883 3.547518 r 0.002894 0.000882 -0.000275 0.999998
6 0.002424 -0.014593 4.172997 r 0.003154 0.001100 -0.000278 0.999997
7 0.003937 -0.018664 4.798408 r 0.003357 0.001291 -0.000284 0.999996
8 0.005624 -0.022954 5.423647 r 0.003451 0.001379 -0.000286 0.999996
9 0.007367 -0.027268 6.048765 r 0.003452 0.001407 -0.000283 0.999996
Residuals: 2.448896
Step 86
0 -0.000122 0.000081 0.419797 r 0.001194 -0.000488 -0.000060 1.000002
1 -0.000743 -0.001127 1.045122 r 0.001406 -0.000433 -0.000126 1.000002
2 -0.001270 -0.002727 1.670650 r 0.001748 -0.000250 -0.000181 1.000002
3 -0.001476 -0.004781 2.296288 r 0.002111 0.000056 -0.000216 1.000000
4 -0.001852 -0.007128 2.921811 r 0.002434 0.000257 -0.000244 0.999999
5 -0.001388 -0.010246 3.547378 r 0.002796 0.000478 -0.000273 0.999999
6 -0.000653 -0.013835 4.172861 r 0.003059 0.000696 -0.000276 0.999998
7 0.000355 -0.017787 4.798272 r 0.003261 0.000887 -0.000282 0.999997
8 0.001538 -0.021956 5.423514 r 0.003355 0.000976 -0.000284 0.999997
9 0.002777 -0.026149 6.048635 r 0.003355 0.001004 -0.000281 0.999997
Residuals: 0.964213
Step 87
0 -0.000132 0.000124 0.419977 r 0.000909 -0.000623 -0.000086 1.000002
1 -0.000922 -0.000726 1.045300 r 0.001122 -0.000567 -0.000151 1.000003
2 -0.001616 -0.001970 1.670826 r 0.001465 -0.000382 -0.000207 1.000002
3 -0.001989 -0.003669 2.296464 r 0.001829 -0.000075 -0.000241 1.000001
4 -0.002532 -0.005662 2.921985 r 0.002161 0.000124 -0.000266 1.000000
5 -0.002228 -0.008437 3.547558 r 0.002525 0.000352 -0.000296 1.000000
6 -0.001650 -0.011687 4.173041 r 0.002788 0.000572 -0.000299 0.999999
7 -0.000796 -0.015300 4.798453 r 0.002993 0.000765 -0.000305 0.999998
8 0.000235 -0.019136 5.423697 r 0.003088 0.000854 -0.000307 0.999998
9 0.001322 -0.022996 6.048820 r 0.003089 0.000883 -0.000304 0.999998
Residuals: 0.392746
Step 88
0 -0.000131 0.000206 0.419806 r 0.000388 -0.000578 -0.000118 1.000002
1 -0.000871 0.000027 1.045129 r 0.000613 -0.000517 -0.000185 1.000003
2 -0.001502 -0.000565 1.670653 r 0.000977 -0.000319 -0.000243 1.000003
3 -0.001791 -0.001646 2.296287 r 0.001369 0.000007 -0.000279 1.000001
4 -0.002223 -0.003063 2.921809 r 0.001731 0.000227 -0.000305 1.000001
5 -0.001779 -0.005301 3.547387 r 0.002118 0.000477 -0.000336 1.000001
6 -0.001033 -0.008048 4.172876 r 0.002400 0.000716 -0.000339 1.000000
7 0.000011 -0.011184 4.798295 r 0.002617 0.000922 -0.000345 0.999999
8 0.001245 -0.014555 5.423545 r 0.002717 0.001019 -0.000347 0.999999
9 0.002541 -0.017951 6.048670 r 0.002718 0.001050 -0.000343 0.999999
Residuals: 0.475933
Step 89
0 -0.000082 0.000293 0.419307 r -0.000287 -0.000263 -0.000161 1.000003
1 -0.000421 0.000967 1.044640 r -0.000054 -0.000204 -0.000229 1.000003
2 -0.000654 0.001213 1.670191 r 0.000327 -0.000008 -0.000288 1.000003
3 -0.000547 0.000946 2.295864 r 0.000740 0.000316 -0.000326 1.000002
4 -0.000588 0.000315 2.921438 r 0.001122 0.000533 -0.000352 1.000002
5 0.000242 -0.001164 3.547054 r 0.001527 0.000781 -0.000383 1.000002
6 0.001371 -0.003178 4.172575 r 0.001823 0.001019 -0.000387 1.000000
7 0.002795 -0.005600 4.798019 r 0.002050 0.001225 -0.000393 1.000000
8 0.004406 -0.008268 5.423282 r 0.002156 0.001322 -0.000396 1.000000
9 0.006081 -0.010964 6.048413 r 0.002158 0.001353 -0.000392 1.000000
Residuals: 0.116104
Step 90
0 -0.000007 0.000340 0.419069 r -0.000743 0.000313 -0.000224 1.000002
1 0.000386 0.001585 1.044403 r -0.000508 0.000363 -0.000293 1.000003
2 0.000870 0.002398 1.669961 r -0.000122 0.000543 -0.000353 1.000003
3 0.001673 0.002687 2.295650 r 0.000301 0.000849 -0.000392 1.000002
4 0.002300 0.002600 2.921237 r 0.000693 0.001046 -0.000419 1.000002
5 0.003769 0.001650 3.546865 r 0.001108 0.001274 -0.000451 1.000002
6 0.005508 0.000154 4.172397 r 0.001414 0.001495 -0.000456 1.000001
7 0.007521 -0.001761 4.797848 r 0.001647 0.001690 -0.000463 1.000001
8 0.009710 -0.003929 5.423115 r 0.001757 0.001782 -0.000466 1.000000
9 0.011959 -0.006127 6.048247 r 0.001759 0.001813 -0.000463 1.000000
Residuals: 0.242534
Step 91
0 0.000030 0.000372 0.419548 r -0.000940 0.000692 -0.000301 1.000002
1 0.000899 0.001863 1.044878 r -0.000707 0.000741 -0.000371 1.000003
2 0.001857 0.002924 1.670431 r -0.000323 0.000918 -0.000432 1.000003
3 0.003130 0.003465 2.296117 r 0.000100 0.001224 -0.000471 1.000002
4 0.004226 0.003629 2.921693 r 0.000492 0.001420 -0.000498 1.000001
5 0.006163 0.002929 3.547311 r 0.000908 0.001648 -0.000531 1.000001
6 0.008369 0.001683 4.172834 r 0.001213 0.001869 -0.000535 1.000000
7 0.010849 0.000019 4.798278 r 0.001447 0.002063 -0.000543 1.000000
8 0.013505 -0.001900 5.423541 r 0.001557 0.002155 -0.000545 1.000000
9 0.016221 -0.003847 6.048672 r 0.001559 0.002186 -0.000542 1.000000
Residuals: 0.159484
Step 92
0 0.000052 0.000355 0.419964 r -0.000884 0.000883 -0.000382 1.000002
1 0.001168 0.001761 1.045296 r -0.000660 0.000926 -0.000454 1.000003
2 0.002360 0.002753 1.670847 r -0.000293 0.001089 -0.000517 1.000003
3 0.003844 0.003249 2.296527 r 0.000109 0.001376 -0.000559 1.000001
4 0.005118 0.003402 2.922117 r 0.000494 0.001555 -0.000590 1.000001
5 0.007213 0.002700 3.547735 r 0.000894 0.001760 -0.000624 1.000001
6 0.009549 0.001475 4.173259 r 0.001187 0.001962 -0.000631 1.000000
7 0.012141 -0.000156 4.798705 r 0.001418 0.002151 -0.000638 1.000000
8 0.014904 -0.002039 5.423968 r 0.001529 0.002240 -0.000641 1.000000
9 0.017726 -0.003953 6.049098 r 0.001532 0.002270 -0.000639 1.000000
Residuals: 1.863261
Step 93
0 0.000056 0.000329 0.420016 r -0.000652 0.000842 -0.000475 1.000002
1 0.001125 0.001445 1.045337 r -0.000427 0.000882 -0.000547 1.000003
2 0.002266 0.002145 1.670866 r -0.000057 0.001042 -0.000611 1.000003
3 0.003694 0.002345 2.296520 r 0.000349 0.001324 -0.000652 1.000002
4 0.004902 0.002196 2.922080 r 0.000737 0.001497 -0.000683 1.000001
5 0.006924 0.001188 3.547668 r 0.001141 0.001697 -0.000718 1.000001
6 0.009178 -0.000349 4.173166 r 0.001438 0.001894 -0.000724 1.000000
7 0.011683 -0.002295 4.798605 r 0.001672 0.002080 -0.000732 1.000000
8 0.014355 -0.004496 5.423866 r 0.001784 0.002167 -0.000735 0.999999
9 0.017083 -0.006729 6.048996 r 0.001787 0.002196 -0.000732 0.999999
Residuals: 1.176214
Step 94
0 0.000016 0.000272 0.419768 r -0.000173 0.000600 -0.000559 1.000002
1 0.000780 0.000779 1.045094 r 0.000048 0.000639 -0.000633 1.000003
2 0.001617 0.000874 1.670629 r 0.000410 0.000798 -0.000701 1.000003
3 0.002742 0.000488 2.296283 r 0.000810 0.001081 -0.000742 1.000002
4 0.003646 -0.000238 2.921840 r 0.001197 0.001253 -0.000774 1.000001
5 0.005360 -0.001820 3.547425 r 0.001599 0.001451 -0.000808 1.000001
6 0.007306 -0.003929 4.172922 r 0.001894 0.001647 -0.000815 0.999999
7 0.009502 -0.006445 4.798358 r 0.002127 0.001833 -0.000823 0.999999
8 0.011862 -0.009214 5.423620 r 0.002237 0.001918 -0.000826 0.999999
9 0.014280 -0.012014 6.048748 r 0.002241 0.001947 -0.000823 0.999999
Residuals: 1.455757
Step 95
0 -0.000007 0.000171 0.419122 r 0.000488 0.000183 -0.000647 1.000003
1 0.000246 -0.000147 1.044437 r 0.000709 0.000218 -0.000721 1.000003
2 0.000562 -0.000881 1.669961 r 0.001076 0.000367 -0.000789 1.000003
3 0.001150 -0.002101 2.295614 r 0.001481 0.000637 -0.000831 1.000001
4 0.001498 -0.003670 2.921169 r 0.001875 0.000794 -0.000862 1.000000
5 0.002635 -0.006106 3.546753 r 0.002284 0.000979 -0.000897 1.000000
6 0.003984 -0.009076 4.172248 r 0.002586 0.001163 -0.000904 0.999998
7 0.005569 -0.012460 4.797684 r 0.002823 0.001341 -0.000912 0.999998
8 0.007310 -0.016101 5.422941 r 0.002936 0.001423 -0.000915 0.999998
9 0.009105 -0.019775 6.048070 r 0.002941 0.001449 -0.000913 0.999998
Residuals: 3.193681
Step 96
0 -0.000048 0.000134 0.419167 r 0.000998 -0.000381 -0.000690 1.000002
1 -0.000486 -0.000813 1.044483 r 0.001223 -0.000341 -0.000760 1.000003
2 -0.000867 -0.002187 1.670002 r 0.001592 -0.000190 -0.000827 1.000002
3 -0.000976 -0.004052 2.295647 r 0.002001 0.000081 -0.000869 1.000001
4 -0.001323 -0.006270 2.921193 r 0.002398 0.000240 -0.000900 0.999999
5 -0.000880 -0.009359 3.546768 r 0.002810 0.000425 -0.000934 0.999999
6 -0.000224 -0.012987 4.172255 r 0.003114 0.000610 -0.000940 0.999997
7 0.000669 -0.017033 4.797683 r 0.003354 0.000789 -0.000948 0.999997
8 0.001719 -0.021338 5.422935 r 0.003468 0.000871 -0.000952 0.999997
9 0.002824 -0.025677 6.048057 r 0.003472 0.000898 -0.000949 0.999997
Residuals: 1.710659
Step 97
0 -0.000111 0.000131 0.419848 r 0.001270 -0.000866 -0.000714 1.000002
1 -0.001161 -0.001132 1.045179 r 0.001506 -0.000818 -0.000786 1.000002
2 -0.002139 -0.002841 1.670705 r 0.001898 -0.000650 -0.000855 1.000001
3 -0.002817 -0.005078 2.296353 r 0.002338 -0.000357 -0.000898 1.000000
4 -0.003703 -0.007710 2.921910 r 0.002764 -0.000173 -0.000930 0.999998
5 -0.003763 -0.011257 3.547494 r 0.003203 0.000038 -0.000965 0.999998
6 -0.003578 -0.015382 4.172987 r 0.003529 0.000244 -0.000972 0.999996
7 -0.003133 -0.019954 4.798418 r 0.003782 0.000438 -0.000979 0.999996
8 -0.002517 -0.024800 5.423667 r 0.003902 0.000527 -0.000983 0.999996
9 -0.001842 -0.029681 6.048787 r 0.003906 0.000556 -0.000980 0.999996
Residuals: 1.445331
Step 98
0 -0.000151 0.000145 0.420402 r 0.001366 -0.001137 -0.000747 1.000001
1 -0.001546 -0.001213 1.045746 r 0.001612 -0.001079 -0.000822 1.000002
2 -0.002852 -0.003035 1.671301 r 0.002026 -0.000893 -0.000893 1.000001
3 -0.003831 -0.005420 2.296988 r 0.002496 -0.000576 -0.000937 0.999999
4 -0.004981 -0.008245 2.922573 r 0.002954 -0.000365 -0.000970 0.999998
5 -0.005269 -0.012034 3.548183 r 0.003424 -0.000128 -0.001006 0.999997
6 -0.005278 -0.016441 4.173706 r 0.003770 0.000102 -0.001013 0.999995
7 -0.004999 -0.021323 4.799157 r 0.004036 0.000312 -0.001020 0.999995
8 -0.004533 -0.026494 5.424415 r 0.004162 0.000410 -0.001023 0.999995
9 -0.004002 -0.031700 6.049532 r 0.004166 0.000442 -0.001020 0.999995
Residuals: 1.140365
Step 99
0 -0.000166 0.000179 0.420640 r 0.001287 -0.001197 -0.000782 1.000001
1 -0.001645 -0.001057 1.045994 r 0.001545 -0.001131 -0.000859 1.000002
2 -0.003019 -0.002777 1.671575 r 0.001981 -0.000927 -0.000932 1.000001
3 -0.004037 -0.005095 2.297300 r 0.002480 -0.000585 -0.000978 0.999999
4 -0.005190 -0.007899 2.922928 r 0.002972 -0.000347 -0.001013 0.999997
5 -0.005445 -0.011714 3.548579 r 0.003473 -0.000084 -0.001049 0.999997
6 -0.005386 -0.016192 4.174123 r 0.003845 0.000168 -0.001056 0.999995
7 -0.005012 -0.021176 4.799595 r 0.004124 0.000396 -0.001063 0.999995
8 -0.004433 -0.026462 5.424863 r 0.004255 0.000504 -0.001066 0.999994
9 -0.003783 -0.031785 6.049981 r 0.004259 0.000538 -0.001062 0.999994
Residuals: 0.815333
Step 100
0 -0.000158 0.000230 0.420579 r 0.001042 -0.001050 -0.000819 1.000002
1 -0.001462 -0.000678 1.045945 r 0.001310 -0.000974 -0.000898 1.000002
2 -0.002644 -0.002088 1.671555 r 0.001767 -0.000753 -0.000974 1.000002
3 -0.003441 -0.004129 2.297321 r 0.002294 -0.000386 -0.001021 1.000000
4 -0.004337 -0.006697 2.922995 r 0.002815 -0.000119 -0.001057 0.999998
5 -0.004295 -0.010321 3.548691 r 0.003345 0.000170 -0.001094 0.999997
6 -0.003905 -0.014647 4.174272 r 0.003739 0.000445 -0.001101 0.999995
7 -0.003171 -0.019506 4.799766 r 0.004030 0.000692 -0.001109 0.999995
8 -0.002213 -0.024680 5.425046 r 0.004166 0.000810 -0.001111 0.999994
9 -0.001179 -0.029891 6.050167 r 0.004169 0.000847 -0.001107 0.999994
Residuals: 0.596066
# Kernel took: 264301642866	 Simulation took: 264301729521