# model_id: 98
# scene-count: 1
# substeps: 150
# Using ./resources/square_bowl000.obj
# Using ./resources/square_bowl001.obj
# Using ./resources/square_bowl002.obj
# Using ./resources/square_bowl003.obj
# Using ./resources/square_bowl004.obj
# Using ./resources/square_bowl005.obj
# Using ./resources/square_bowl006.obj
# Using ./resources/square_bowl007.obj
# Using ./resources/square_bowl008.obj
# Body count: 10
# Constraint count: 0
# Gravity: [0.000000 0.000000 -980.000000]
# Ground size: 20.000000
# Time Step: 0.010000
# End Time: 1.000000
# Steps: 100
# Substeps: 150
# Iterations: ->5 <-25
# Running on CPU #
# Starting 1 threads and sims = 1
Step 0
0 -0.000004 -0.000013 0.427276 r 0.000000 0.000000 0.000000 1.000000
1 -0.000004 -0.000013 1.077276 r 0.000000 0.000000 0.000000 1.000000
2 -0.000004 -0.000013 1.727275 r 0.000000 0.000000 0.000000 1.000000
3 -0.000004 -0.000013 2.377275 r 0.000000 0.000000 0.000000 1.000000
4 -0.000004 -0.000013 3.027275 r 0.000000 0.000000 0.000000 1.000000
5 -0.000004 -0.000013 3.677275 r 0.000000 0.000000 0.000000 1.000000
6 -0.000004 -0.000013 4.327275 r 0.000000 0.000000 0.000000 1.000000
7 -0.000004 -0.000013 4.977275 r 0.000000 0.000000 0.000000 1.000000
8 -0.000004 -0.000013 5.627275 r 0.000000 0.000000 0.000000 1.000000
9 -0.000004 -0.000013 6.277275 r 0.000000 0.000000 0.000000 1.000000
Step 1
0 0.000012 -0.000018 0.418704 r 0.000052 0.000112 0.000001 1.000000
1 0.000153 -0.000083 1.043823 r 0.000054 0.000113 0.000000 1.000000
2 0.000295 -0.000151 1.668939 r 0.000055 0.000113 -0.000000 1.000000
3 0.000436 -0.000221 2.294053 r 0.000056 0.000113 -0.000000 1.000000
4 -0.000004 -0.000013 2.928622 r 0.000000 0.000000 0.000000 1.000000
5 -0.000004 -0.000013 3.578622 r 0.000000 0.000000 0.000000 1.000000
6 -0.000004 -0.000013 4.228622 r 0.000000 0.000000 0.000000 1.000000
7 -0.000004 -0.000013 4.878622 r 0.000000 0.000000 0.000000 1.000000
8 -0.000004 -0.000013 5.528622 r 0.000000 0.000000 0.000000 1.000000
9 -0.000004 -0.000013 6.178622 r 0.000000 0.000000 0.000000 1.000000
Residuals: 7.178685
Step 2
0 0.000011 -0.000058 0.418974 r 0.000164 0.000160 0.000000 1.000000
1 0.000210 -0.000264 1.044114 r 0.000160 0.000163 0.000001 1.000000
2 0.000414 -0.000465 1.669243 r 0.000155 0.000168 0.000001 1.000000
3 0.000619 -0.000640 2.294506 r 0.000094 0.000194 0.000004 1.000000
4 0.000273 -0.000477 2.919759 r 0.000028 0.000086 0.000005 1.000000
5 0.000382 -0.000512 3.544877 r 0.000017 0.000090 0.000005 1.000000
6 0.000495 -0.000530 4.169994 r 0.000006 0.000091 0.000006 1.000000
7 0.000610 -0.000532 4.795111 r -0.000003 0.000092 0.000006 1.000000
8 0.000725 -0.000525 5.420226 r -0.000008 0.000092 0.000006 1.000000
9 0.000840 -0.000514 6.045340 r -0.000008 0.000092 0.000006 1.000000
Residuals: 5.685553
Step 3
0 -0.000002 -0.000142 0.418720 r 0.000203 0.000148 -0.000026 1.000000
1 0.000187 -0.000411 1.043815 r 0.000196 0.000154 -0.000025 1.000000
2 0.000382 -0.000669 1.668914 r 0.000182 0.000158 -0.000024 1.000000
3 0.000574 -0.000888 2.294074 r 0.000107 0.000179 -0.000021 1.000000
4 0.000207 -0.000748 2.919305 r 0.000024 0.000064 -0.000020 1.000000
5 0.000269 -0.000773 3.544317 r -0.000113 0.000070 -0.000018 1.000000
6 0.000343 -0.000598 4.169349 r -0.000233 0.000069 -0.000018 1.000000
7 0.000421 -0.000259 4.794406 r -0.000319 0.000063 -0.000019 1.000000
8 0.000495 0.000192 5.419487 r -0.000382 0.000052 -0.000015 1.000000
9 0.000554 0.000676 6.044600 r -0.000392 0.000043 -0.000014 1.000000
Residuals: 6.006643
Step 4
0 -0.000094 -0.000030 0.419029 r -0.000173 -0.000228 -0.000025 1.000000
1 -0.000426 0.000258 1.044315 r -0.000162 -0.000196 -0.000027 1.000000
2 -0.000694 0.000529 1.669594 r -0.000134 -0.000127 -0.000027 1.000000
3 -0.000860 0.000773 2.294919 r -0.000147 -0.000013 -0.000021 1.000000
4 -0.001452 0.001273 2.920311 r -0.000153 -0.000026 -0.000010 1.000000
5 -0.001448 0.001441 3.545698 r -0.000152 0.000093 -0.000009 1.000000
6 -0.001298 0.001544 4.171088 r -0.000063 0.000165 -0.000014 1.000000
7 -0.001057 0.001549 4.796417 r 0.000022 0.000205 -0.000024 1.000000
8 -0.000775 0.001489 5.421672 r 0.000062 0.000216 -0.000030 1.000000
9 -0.000496 0.001412 6.046808 r 0.000064 0.000215 -0.000039 1.000000
Residuals: 1.598950
Step 5
0 -0.000413 -0.000032 0.418958 r -0.000243 -0.000377 -0.000308 1.000000
1 -0.000968 0.000322 1.044114 r -0.000250 -0.000326 -0.000306 1.000000
2 -0.001425 0.000690 1.669320 r -0.000259 -0.000222 -0.000300 1.000000
3 -0.001724 0.001089 2.294554 r -0.000321 -0.000066 -0.000291 1.000000
4 -0.002387 0.001818 2.919703 r -0.000381 -0.000034 -0.000278 1.000000
5 -0.002389 0.002290 3.544931 r -0.000431 0.000125 -0.000275 1.000000
6 -0.002195 0.002769 4.170169 r -0.000391 0.000220 -0.000279 1.000000
7 -0.001876 0.003204 4.795381 r -0.000339 0.000275 -0.000285 1.000000
8 -0.001497 0.003612 5.420527 r -0.000316 0.000295 -0.000291 1.000000
9 -0.001119 0.004009 6.045639 r -0.000317 0.000295 -0.000299 1.000000
Residuals: 6.208309
Step 6
0 -0.000404 -0.000168 0.419457 r -0.000150 -0.000211 -0.000600 1.000000
1 -0.000701 -0.000008 1.044851 r -0.000164 -0.000131 -0.000597 1.000000
2 -0.000905 0.000243 1.670091 r -0.000174 -0.000028 -0.000591 1.000000
3 -0.000948 0.000492 2.295583 r -0.000301 0.000099 -0.000580 1.000000
4 -0.001412 0.001188 2.920961 r -0.000452 0.000085 -0.000565 1.000000
5 -0.001301 0.001761 3.546411 r -0.000597 0.000182 -0.000568 1.000000
6 -0.001044 0.002451 4.171645 r -0.000567 0.000263 -0.000571 1.000000
7 -0.000679 0.003110 4.796853 r -0.000522 0.000308 -0.000577 1.000000
8 -0.000313 0.003796 5.422029 r -0.000539 0.000291 -0.000573 1.000000
9 0.000041 0.004481 6.047132 r -0.000538 0.000283 -0.000579 1.000000
Residuals: 5.934384
Step 7
0 -0.000610 0.000050 0.418831 r 0.000125 -0.000021 -0.000888 1.000000
1 -0.000709 -0.000105 1.044022 r 0.000115 0.000092 -0.000880 1.000000
2 -0.000658 -0.000175 1.669236 r 0.000109 0.000258 -0.000868 1.000000
3 -0.000348 -0.000256 2.294568 r -0.000016 0.000471 -0.000851 1.000000
4 -0.000346 0.000098 2.919833 r -0.000164 0.000535 -0.000834 1.000000
5 0.000343 0.000321 3.545158 r -0.000309 0.000705 -0.000834 0.999999
6 0.001277 0.000664 4.170375 r -0.000283 0.000846 -0.000842 0.999999
7 0.002396 0.000975 4.795571 r -0.000243 0.000931 -0.000850 0.999999
8 0.003559 0.001315 5.420719 r -0.000264 0.000933 -0.000848 0.999999
9 0.004736 0.001655 6.045856 r -0.000265 0.000946 -0.000855 0.999999
Residuals: 2.011724
Step 8
0 -0.000654 0.000025 0.418940 r 0.000388 0.000151 -0.000911 1.000000
1 -0.000594 -0.000430 1.044270 r 0.000373 0.000325 -0.000902 1.000000
2 -0.000300 -0.000789 1.669622 r 0.000357 0.000573 -0.000892 1.000000
3 0.000383 -0.001143 2.295088 r 0.000217 0.000897 -0.000877 0.999999
4 0.000949 -0.001064 2.920515 r 0.000074 0.001113 -0.000860 0.999999
5 0.002424 -0.001124 3.546014 r -0.000069 0.001439 -0.000862 0.999999
6 0.004354 -0.001073 4.171372 r -0.000044 0.001714 -0.000870 0.999998
7 0.006613 -0.001052 4.796652 r -0.000012 0.001874 -0.000880 0.999998
8 0.008959 -0.001000 5.421787 r -0.000034 0.001881 -0.000878 0.999998
9 0.011320 -0.000948 6.046907 r -0.000035 0.001893 -0.000885 0.999998
Residuals: 1.672887
Step 9
0 -0.000647 0.000173 0.419046 r 0.000275 0.000429 -0.000854 1.000000
1 -0.000251 -0.000124 1.044307 r 0.000265 0.000617 -0.000844 1.000000
2 0.000404 -0.000332 1.669625 r 0.000258 0.000890 -0.000835 1.000000
3 0.001523 -0.000499 2.295096 r 0.000244 0.001326 -0.000822 0.999999
4 0.002634 -0.000447 2.920489 r 0.000111 0.001577 -0.000805 0.999999
5 0.004703 -0.000551 3.545966 r -0.000023 0.001936 -0.000807 0.999998
6 0.007266 -0.000559 4.171317 r 0.000011 0.002234 -0.000816 0.999997
7 0.010186 -0.000610 4.796580 r 0.000049 0.002410 -0.000826 0.999997
8 0.013209 -0.000637 5.421712 r 0.000029 0.002424 -0.000824 0.999997
9 0.016251 -0.000665 6.046831 r 0.000028 0.002439 -0.000831 0.999997
Residuals: 1.777150
Step 10
0 -0.000744 0.000283 0.419436 r -0.000046 0.000373 -0.000793 1.000000
1 -0.000497 0.000475 1.044899 r -0.000039 0.000569 -0.000787 1.000000
2 0.000054 0.000720 1.670421 r 0.000006 0.000908 -0.000783 1.000000
3 0.001192 0.000877 2.295920 r -0.000002 0.001362 -0.000770 0.999999
4 0.002373 0.001264 2.921498 r -0.000044 0.001745 -0.000754 0.999999
5 0.004709 0.001335 3.547158 r -0.000064 0.002245 -0.000756 0.999997
6 0.007748 0.001338 4.172682 r 0.000074 0.002690 -0.000765 0.999996
7 0.011334 0.001158 4.798067 r 0.000172 0.002989 -0.000766 0.999996
8 0.015141 0.000929 5.423244 r 0.000188 0.003050 -0.000757 0.999995
9 0.018972 0.000702 6.048355 r 0.000189 0.003068 -0.000766 0.999995
Residuals: 2.477035
Step 11
0 -0.000785 0.000352 0.418939 r -0.000271 0.000259 -0.000737 1.000000
1 -0.000690 0.000830 1.044216 r -0.000262 0.000460 -0.000731 1.000000
2 -0.000283 0.001361 1.669637 r -0.000214 0.000808 -0.000725 1.000000
3 0.000730 0.001801 2.295115 r -0.000220 0.001279 -0.000713 0.999999
4 0.001806 0.002464 2.920569 r -0.000257 0.001679 -0.000696 0.999999
5 0.004061 0.002804 3.546094 r -0.000271 0.002195 -0.000698 0.999998
6 0.007071 0.003052 4.171680 r -0.000077 0.002702 -0.000706 0.999996
7 0.010707 0.003047 4.797090 r 0.000050 0.003053 -0.000706 0.999995
8 0.014600 0.002970 5.422250 r 0.000065 0.003120 -0.000696 0.999995
9 0.018523 0.002898 6.047367 r 0.000065 0.003147 -0.000704 0.999995
Residuals: 0.884175
Step 12
0 -0.000949 0.000353 0.419069 r -0.000188 -0.000332 -0.000746 1.000000
1 -0.001679 0.000743 1.044421 r -0.000173 -0.000074 -0.000741 1.000000
2 -0.001979 0.001194 1.669949 r -0.000135 0.000400 -0.000739 1.000000
3 -0.001479 0.001560 2.295539 r -0.000141 0.001038 -0.000732 1.000000
4 -0.000662 0.002151 2.921109 r -0.000180 0.001638 -0.000726 0.999999
5 0.001645 0.002427 3.546779 r -0.000210 0.002384 -0.000737 0.999997
6 0.005011 0.002622 4.172565 r -0.000033 0.003090 -0.000752 0.999995
7 0.009238 0.002583 4.798136 r 0.000080 0.003584 -0.000761 0.999994
8 0.013871 0.002495 5.423320 r 0.000083 0.003724 -0.000751 0.999993
9 0.018561 0.002412 6.048436 r 0.000080 0.003758 -0.000763 0.999993
Residuals: 2.028650
Step 13
0 -0.001051 0.000289 0.419284 r 0.000143 -0.000595 -0.000773 1.000000
1 -0.002113 0.000258 1.044632 r 0.000157 -0.000330 -0.000768 1.000000
2 -0.002738 0.000293 1.670170 r 0.000191 0.000152 -0.000766 1.000000
3 -0.002596 0.000252 2.295933 r 0.000157 0.000857 -0.000761 1.000000
4 -0.002017 0.000486 2.921695 r 0.000077 0.001555 -0.000757 0.999999
5 0.000213 0.000469 3.547560 r -0.000005 0.002416 -0.000769 0.999997
6 0.003662 0.000439 4.173477 r 0.000123 0.003219 -0.000786 0.999995
7 0.008092 0.000238 4.799136 r 0.000198 0.003784 -0.000799 0.999993
8 0.013033 0.000059 5.424363 r 0.000167 0.003970 -0.000780 0.999992
9 0.018040 -0.000108 6.049478 r 0.000155 0.004008 -0.000790 0.999992
Residuals: 5.579880
Step 14
0 -0.000992 -0.000027 0.419174 r 0.000407 -0.000327 -0.000849 1.000000
1 -0.001688 -0.000423 1.044506 r 0.000409 -0.000083 -0.000843 1.000000
2 -0.001984 -0.000735 1.670031 r 0.000418 0.000357 -0.000839 1.000000
3 -0.001586 -0.001090 2.295730 r 0.000359 0.000999 -0.000830 1.000000
4 -0.000846 -0.001131 2.921461 r 0.000253 0.001622 -0.000825 0.999999
5 0.001439 -0.001381 3.547311 r 0.000151 0.002412 -0.000840 0.999997
6 0.004861 -0.001603 4.173126 r 0.000251 0.003166 -0.000855 0.999995
7 0.009187 -0.001958 4.798748 r 0.000306 0.003678 -0.000871 0.999993
8 0.013940 -0.002216 5.423989 r 0.000195 0.003803 -0.000860 0.999993
9 0.018722 -0.002417 6.049119 r 0.000180 0.003819 -0.000873 0.999993
Residuals: 12.330096
Step 15
0 -0.000921 -0.000204 0.419186 r 0.000385 0.000112 -0.000940 1.000000
1 -0.001052 -0.000592 1.044496 r 0.000380 0.000345 -0.000932 1.000000
2 -0.000802 -0.000881 1.669970 r 0.000375 0.000764 -0.000928 1.000000
3 0.000105 -0.001195 2.295639 r 0.000302 0.001371 -0.000920 0.999999
4 0.001305 -0.001175 2.921331 r 0.000183 0.001956 -0.000917 0.999998
5 0.003997 -0.001345 3.547147 r 0.000070 0.002707 -0.000934 0.999996
6 0.007771 -0.001463 4.172925 r 0.000161 0.003427 -0.000951 0.999994
7 0.012409 -0.001706 4.798473 r 0.000212 0.003915 -0.000970 0.999992
8 0.017428 -0.001808 5.423745 r 0.000061 0.004003 -0.000965 0.999992
9 0.022457 -0.001843 6.048862 r 0.000048 0.004015 -0.000979 0.999992
Residuals: 5.868072
Step 16
0 -0.000724 -0.000279 0.419000 r 0.000068 0.000606 -0.001079 1.000000
1 -0.000204 -0.000274 1.044302 r 0.000066 0.000822 -0.001068 1.000000
2 0.000665 -0.000178 1.669757 r 0.000070 0.001204 -0.001062 1.000000
3 0.002135 -0.000124 2.295417 r 0.000013 0.001761 -0.001052 0.999999
4 0.003822 0.000244 2.921098 r -0.000087 0.002289 -0.001049 0.999997
5 0.006919 0.000397 3.546900 r -0.000181 0.002986 -0.001067 0.999995
6 0.011024 0.000579 4.172653 r -0.000072 0.003659 -0.001086 0.999993
7 0.015930 0.000617 4.798181 r -0.000008 0.004113 -0.001107 0.999992
8 0.021129 0.000801 5.423468 r -0.000167 0.004122 -0.001109 0.999991
9 0.026307 0.001048 6.048583 r -0.000177 0.004132 -0.001124 0.999991
Residuals: 6.870203
Step 17
0 -0.000515 -0.000029 0.419148 r -0.000364 0.000673 -0.001169 0.999999
1 0.000091 0.000571 1.044452 r -0.000342 0.000894 -0.001158 0.999999
2 0.001066 0.001222 1.669895 r -0.000290 0.001290 -0.001154 0.999999
3 0.002663 0.001759 2.295519 r -0.000282 0.001864 -0.001144 0.999998
4 0.004486 0.002499 2.921155 r -0.000294 0.002399 -0.001137 0.999997
5 0.007740 0.002886 3.546936 r -0.000301 0.003136 -0.001159 0.999995
6 0.012044 0.003177 4.172689 r -0.000106 0.003825 -0.001186 0.999992
7 0.017162 0.003204 4.798221 r 0.000034 0.004282 -0.001214 0.999991
8 0.022576 0.003300 5.423460 r -0.000086 0.004294 -0.001220 0.999990
9 0.027972 0.003442 6.048569 r -0.000092 0.004308 -0.001235 0.999990
Residuals: 2.867958
Step 18
0 -0.000434 0.000011 0.419779 r -0.000584 0.000790 -0.001365 0.999999
1 0.000383 0.000843 1.045252 r -0.000517 0.000955 -0.001354 0.999999
2 0.001475 0.001656 1.670844 r -0.000419 0.001266 -0.001349 0.999999
3 0.003045 0.002341 2.296433 r -0.000397 0.001820 -0.001339 0.999998
4 0.004814 0.003218 2.921982 r -0.000399 0.002336 -0.001333 0.999997
5 0.007988 0.003729 3.547680 r -0.000396 0.003054 -0.001354 0.999995
6 0.012128 0.004110 4.173570 r -0.000182 0.003623 -0.001378 0.999993
7 0.016936 0.004214 4.799222 r -0.000016 0.003988 -0.001405 0.999992
8 0.021974 0.004370 5.424423 r -0.000133 0.003993 -0.001411 0.999991
9 0.026994 0.004572 6.049531 r -0.000138 0.004007 -0.001426 0.999991
Residuals: 5.208111
Step 19
0 -0.000252 0.000295 0.419564 r -0.000660 0.000426 -0.001555 0.999999
1 0.000116 0.001280 1.044857 r -0.000559 0.000602 -0.001537 0.999999
2 0.000778 0.002185 1.670300 r -0.000390 0.000938 -0.001526 0.999999
3 0.001955 0.002850 2.295879 r -0.000276 0.001530 -0.001513 0.999998
4 0.003385 0.003572 2.921426 r -0.000179 0.002086 -0.001505 0.999997
5 0.006270 0.003785 3.547128 r -0.000079 0.002844 -0.001522 0.999995
6 0.010173 0.003736 4.172872 r 0.000215 0.003451 -0.001549 0.999993
7 0.014793 0.003314 4.798405 r 0.000433 0.003844 -0.001585 0.999992
8 0.019691 0.002894 5.423605 r 0.000342 0.003864 -0.001620 0.999992
9 0.024561 0.002495 6.048724 r 0.000343 0.003891 -0.001637 0.999991
Residuals: 2.531039
Step 20
0 -0.000413 0.000261 0.419500 r -0.000276 -0.000158 -0.001727 0.999999
1 -0.000824 0.000754 1.044902 r -0.000180 0.000047 -0.001711 0.999999
2 -0.000866 0.001185 1.670498 r -0.000037 0.000454 -0.001700 0.999999
3 -0.000270 0.001416 2.296258 r 0.000042 0.001142 -0.001689 0.999999
4 0.000739 0.001750 2.921983 r 0.000109 0.001821 -0.001687 0.999998
5 0.003372 0.001606 3.547852 r 0.000183 0.002692 -0.001704 0.999995
6 0.007159 0.001217 4.173723 r 0.000454 0.003373 -0.001704 0.999993
7 0.011706 0.000484 4.799330 r 0.000656 0.003806 -0.001722 0.999992
8 0.016556 -0.000215 5.424515 r 0.000563 0.003829 -0.001755 0.999991
9 0.021382 -0.000889 6.049630 r 0.000562 0.003855 -0.001771 0.999991
Residuals: 9.077642
Step 21
0 -0.000376 -0.000008 0.418907 r 0.000197 -0.000334 -0.002112 0.999998
1 -0.000979 -0.000114 1.044255 r 0.000293 -0.000150 -0.002099 0.999999
2 -0.001241 -0.000287 1.669800 r 0.000442 0.000224 -0.002089 0.999999
3 -0.000918 -0.000669 2.295515 r 0.000529 0.000867 -0.002080 0.999998
4 -0.000262 -0.000954 2.921236 r 0.000609 0.001484 -0.002080 0.999997
5 0.001929 -0.001737 3.547112 r 0.000697 0.002302 -0.002098 0.999995
6 0.005196 -0.002774 4.172986 r 0.000969 0.002927 -0.002102 0.999994
7 0.009158 -0.004160 4.798602 r 0.001172 0.003320 -0.002124 0.999992
8 0.013366 -0.005501 5.423802 r 0.001073 0.003309 -0.002162 0.999992
9 0.017526 -0.006819 6.048925 r 0.001079 0.003319 -0.002178 0.999992
Residuals: 7.788769
Step 22
0 -0.000040 -0.000159 0.419105 r 0.000526 -0.000294 -0.002452 0.999997
1 -0.000543 -0.000662 1.044447 r 0.000642 -0.000130 -0.002438 0.999998
2 -0.000740 -0.001267 1.669980 r 0.000833 0.000209 -0.002425 0.999998
3 -0.000420 -0.002144 2.295694 r 0.000971 0.000795 -0.002409 0.999997
4 0.000147 -0.002996 2.921384 r 0.001107 0.001353 -0.002403 0.999996
5 0.002165 -0.004425 3.547234 r 0.001243 0.002124 -0.002419 0.999995
6 0.005187 -0.006176 4.173067 r 0.001561 0.002705 -0.002422 0.999993
7 0.008839 -0.008331 4.798652 r 0.001801 0.003063 -0.002441 0.999991
8 0.012711 -0.010472 5.423847 r 0.001715 0.003040 -0.002477 0.999991
9 0.016530 -0.012596 6.048959 r 0.001724 0.003048 -0.002493 0.999991
Residuals: 6.397062
Step 23
0 0.000293 -0.000309 0.419270 r 0.000589 -0.000014 -0.002922 0.999996
1 0.000183 -0.000878 1.044612 r 0.000720 0.000132 -0.002907 0.999996
2 0.000349 -0.001579 1.670149 r 0.000944 0.000437 -0.002892 0.999996
3 0.000967 -0.002600 2.295856 r 0.001124 0.000970 -0.002873 0.999996
4 0.001754 -0.003657 2.921540 r 0.001307 0.001471 -0.002863 0.999995
5 0.003910 -0.005356 3.547386 r 0.001488 0.002190 -0.002877 0.999993
6 0.006995 -0.007436 4.173217 r 0.001844 0.002728 -0.002880 0.999991
7 0.010656 -0.009967 4.798801 r 0.002111 0.003058 -0.002897 0.999989
8 0.014510 -0.012509 5.423992 r 0.002039 0.003021 -0.002937 0.999989
9 0.018304 -0.015043 6.049105 r 0.002052 0.003029 -0.002952 0.999990
Residuals: 6.032452
Step 24
0 0.000613 -0.000310 0.419099 r 0.000435 0.000419 -0.003170 0.999996
1 0.001098 -0.000673 1.044435 r 0.000587 0.000543 -0.003154 0.999996
2 0.001812 -0.001204 1.669983 r 0.000848 0.000799 -0.003134 0.999995
3 0.002902 -0.002113 2.295681 r 0.001080 0.001271 -0.003110 0.999995
4 0.004068 -0.003134 2.921359 r 0.001319 0.001708 -0.003099 0.999994
5 0.006507 -0.004873 3.547199 r 0.001555 0.002365 -0.003111 0.999992
6 0.009794 -0.007063 4.173027 r 0.001956 0.002855 -0.003117 0.999990
7 0.013591 -0.009758 4.798611 r 0.002255 0.003152 -0.003134 0.999988
8 0.017550 -0.012496 5.423800 r 0.002200 0.003101 -0.003179 0.999988
9 0.021440 -0.015236 6.048913 r 0.002218 0.003105 -0.003195 0.999988
Residuals: 6.293544
Step 25
0 0.000855 -0.000343 0.419289 r 0.000111 0.000700 -0.003171 0.999995
1 0.001729 -0.000289 1.044628 r 0.000277 0.000801 -0.003149 0.999996
2 0.002793 -0.000430 1.670166 r 0.000568 0.001017 -0.003124 0.999995
3 0.004168 -0.000995 2.295854 r 0.000840 0.001438 -0.003097 0.999995
4 0.005543 -0.001729 2.921521 r 0.001123 0.001821 -0.003081 0.999994
5 0.008112 -0.003241 3.547353 r 0.001401 0.002429 -0.003089 0.999992
6 0.011468 -0.005257 4.173176 r 0.001834 0.002883 -0.003096 0.999990
7 0.015282 -0.007821 4.798757 r 0.002162 0.003152 -0.003114 0.999988
8 0.019229 -0.010453 5.423943 r 0.002119 0.003089 -0.003158 0.999988
9 0.023105 -0.013094 6.049058 r 0.002140 0.003092 -0.003175 0.999989
Residuals: 4.683003
Step 26
0 0.001104 -0.000361 0.419210 r -0.000274 0.000792 -0.003239 0.999995
1 0.002144 0.000191 1.044543 r -0.000090 0.000866 -0.003215 0.999996
2 0.003324 0.000515 1.670074 r 0.000238 0.001030 -0.003189 0.999995
3 0.004734 0.000357 2.295756 r 0.000560 0.001386 -0.003160 0.999995
4 0.006047 -0.000043 2.921421 r 0.000899 0.001699 -0.003144 0.999994
5 0.008452 -0.001298 3.547255 r 0.001231 0.002243 -0.003152 0.999992
6 0.011554 -0.003127 4.173081 r 0.001710 0.002646 -0.003159 0.999991
7 0.015055 -0.005555 4.798668 r 0.002069 0.002880 -0.003184 0.999989
8 0.018653 -0.008083 5.423859 r 0.002043 0.002802 -0.003235 0.999989
9 0.022166 -0.010639 6.048991 r 0.002076 0.002796 -0.003257 0.999989
Residuals: 6.242640
Step 27
0 0.001332 -0.000233 0.419460 r -0.000505 0.000574 -0.003284 0.999995
1 0.002131 0.000639 1.044785 r -0.000295 0.000639 -0.003257 0.999996
2 0.003057 0.001234 1.670299 r 0.000085 0.000789 -0.003229 0.999996
3 0.004184 0.001276 2.295965 r 0.000464 0.001123 -0.003198 0.999995
4 0.005179 0.000990 2.921615 r 0.000866 0.001415 -0.003180 0.999994
5 0.007232 -0.000241 3.547438 r 0.001248 0.001952 -0.003189 0.999993
6 0.009957 -0.002120 4.173254 r 0.001780 0.002332 -0.003198 0.999992
7 0.013055 -0.004663 4.798835 r 0.002177 0.002553 -0.003225 0.999990
8 0.016235 -0.007342 5.424023 r 0.002170 0.002467 -0.003277 0.999990
9 0.019330 -0.010058 6.049154 r 0.002204 0.002462 -0.003298 0.999990
Residuals: 2.201702
Step 28
0 0.001291 -0.000104 0.419581 r -0.000687 0.000167 -0.003369 0.999995
1 0.001600 0.001053 1.044980 r -0.000415 0.000224 -0.003335 0.999996
2 0.002035 0.001830 1.670585 r 0.000071 0.000374 -0.003298 0.999996
3 0.002660 0.001913 2.296332 r 0.000564 0.000700 -0.003261 0.999995
4 0.003143 0.001448 2.922109 r 0.001146 0.000993 -0.003237 0.999995
5 0.004695 -0.000184 3.548039 r 0.001670 0.001550 -0.003242 0.999993
6 0.006938 -0.002654 4.173946 r 0.002321 0.001952 -0.003248 0.999991
7 0.009572 -0.005933 4.799593 r 0.002800 0.002190 -0.003273 0.999989
8 0.012298 -0.009397 5.424770 r 0.002800 0.002107 -0.003324 0.999989
9 0.014940 -0.012901 6.049903 r 0.002838 0.002102 -0.003346 0.999989
Residuals: 1.791429
Step 29
0 0.001177 -0.000017 0.419501 r -0.000555 -0.000496 -0.003397 0.999995
1 0.000648 0.000984 1.044912 r -0.000272 -0.000433 -0.003363 0.999995
2 0.000254 0.001629 1.670747 r 0.000343 -0.000225 -0.003330 0.999996
3 0.000144 0.001442 2.296681 r 0.000931 0.000177 -0.003301 0.999995
4 0.000002 0.000558 2.922637 r 0.001618 0.000554 -0.003285 0.999994
5 0.001053 -0.001675 3.548754 r 0.002269 0.001201 -0.003298 0.999992
6 0.002916 -0.004953 4.174838 r 0.003054 0.001688 -0.003311 0.999990
7 0.005271 -0.009221 4.800609 r 0.003632 0.001987 -0.003339 0.999987
8 0.007749 -0.013735 5.425776 r 0.003638 0.001911 -0.003389 0.999987
9 0.010144 -0.018287 6.050905 r 0.003677 0.001908 -0.003412 0.999986
Residuals: 3.076745
Step 30
0 0.001111 -0.000232 0.419298 r 0.000164 -0.000794 -0.003413 0.999995
1 0.000205 -0.000146 1.044663 r 0.000438 -0.000740 -0.003378 0.999995
2 -0.000581 -0.000402 1.670406 r 0.001036 -0.000545 -0.003344 0.999995
3 -0.001100 -0.001465 2.296288 r 0.001602 -0.000157 -0.003314 0.999994
4 -0.001669 -0.003195 2.922221 r 0.002266 0.000206 -0.003296 0.999993
5 -0.001094 -0.006223 3.548254 r 0.002752 0.000840 -0.003304 0.999991
6 0.000287 -0.010057 4.174280 r 0.003396 0.001312 -0.003315 0.999989
7 0.002154 -0.014695 4.800010 r 0.003878 0.001597 -0.003342 0.999986
8 0.004140 -0.019508 5.425163 r 0.003878 0.001517 -0.003392 0.999986
9 0.006041 -0.024360 6.050288 r 0.003917 0.001512 -0.003415 0.999986
Residuals: 8.735586
Step 31
0 0.000981 -0.000288 0.419374 r 0.000780 -0.000957 -0.003539 0.999994
1 -0.000233 -0.000964 1.044660 r 0.001077 -0.000857 -0.003501 0.999994
2 -0.001182 -0.002024 1.670380 r 0.001662 -0.000651 -0.003467 0.999994
3 -0.001849 -0.003870 2.296228 r 0.002209 -0.000251 -0.003436 0.999993
4 -0.002544 -0.006355 2.922135 r 0.002851 0.000127 -0.003419 0.999991
5 -0.002069 -0.010109 3.548101 r 0.003317 0.000779 -0.003426 0.999989
6 -0.000762 -0.014641 4.174063 r 0.003943 0.001267 -0.003437 0.999987
7 0.001052 -0.019955 4.799746 r 0.004412 0.001562 -0.003463 0.999984
8 0.003035 -0.025422 5.424869 r 0.004392 0.001530 -0.003513 0.999984
9 0.004954 -0.030910 6.049985 r 0.004423 0.001534 -0.003534 0.999984
Residuals: 3.647280
Step 32
0 0.001155 -0.000199 0.420134 r 0.000704 -0.000609 -0.003752 0.999994
1 0.000481 -0.000698 1.045669 r 0.001039 -0.000531 -0.003720 0.999994
2 0.000042 -0.001665 1.671503 r 0.001727 -0.000374 -0.003688 0.999993
3 -0.000185 -0.003593 2.297447 r 0.002422 -0.000047 -0.003663 0.999992
4 -0.000615 -0.006404 2.923498 r 0.003245 0.000170 -0.003656 0.999989
5 -0.000145 -0.010751 3.549656 r 0.003889 0.000598 -0.003687 0.999986
6 0.000847 -0.016130 4.175799 r 0.004691 0.000884 -0.003723 0.999983
7 0.002095 -0.022506 4.801620 r 0.005301 0.001035 -0.003772 0.999979
8 0.003359 -0.029176 5.426821 r 0.005364 0.000927 -0.003843 0.999979
9 0.004519 -0.035884 6.051929 r 0.005399 0.000928 -0.003866 0.999978
Residuals: 4.665458
Step 33
0 0.001169 -0.000425 0.419626 r 0.000865 -0.000225 -0.004026 0.999993
1 0.000978 -0.001151 1.045068 r 0.001186 -0.000153 -0.003990 0.999993
2 0.001011 -0.002321 1.670855 r 0.001846 -0.000011 -0.003956 0.999992
3 0.001232 -0.004409 2.296781 r 0.002505 0.000294 -0.003928 0.999990
4 0.001220 -0.007325 2.922721 r 0.003290 0.000488 -0.003919 0.999988
5 0.002072 -0.011728 3.548661 r 0.003903 0.000889 -0.003950 0.999985
6 0.003412 -0.017119 4.174608 r 0.004681 0.001153 -0.003985 0.999982
7 0.004981 -0.023473 4.800287 r 0.005274 0.001287 -0.004034 0.999978
8 0.006556 -0.030058 5.425475 r 0.005281 0.001174 -0.004104 0.999978
9 0.008020 -0.036665 6.050579 r 0.005316 0.001172 -0.004127 0.999977
Residuals: 5.813598
Step 34
0 0.001487 -0.000652 0.419410 r 0.000703 0.000445 -0.004248 0.999992
1 0.002188 -0.001184 1.044843 r 0.001031 0.000488 -0.004212 0.999992
2 0.003063 -0.002171 1.670604 r 0.001708 0.000580 -0.004175 0.999991
3 0.004049 -0.004104 2.296494 r 0.002389 0.000824 -0.004148 0.999990
4 0.004691 -0.006897 2.922400 r 0.003201 0.000934 -0.004138 0.999987
5 0.006079 -0.011213 3.548325 r 0.003844 0.001257 -0.004170 0.999984
6 0.007850 -0.016554 4.174258 r 0.004648 0.001458 -0.004210 0.999981
7 0.009772 -0.022888 4.799928 r 0.005260 0.001550 -0.004266 0.999977
8 0.011655 -0.029472 5.425110 r 0.005278 0.001415 -0.004343 0.999976
9 0.013414 -0.036087 6.050232 r 0.005325 0.001403 -0.004370 0.999976
Residuals: 9.483136
Step 35
0 0.001603 -0.000693 0.419556 r 0.000486 0.000948 -0.004798 0.999989
1 0.002942 -0.000974 1.044959 r 0.000807 0.000982 -0.004762 0.999989
2 0.004442 -0.001700 1.670677 r 0.001471 0.001056 -0.004727 0.999989
3 0.006023 -0.003352 2.296516 r 0.002138 0.001274 -0.004701 0.999987
4 0.007222 -0.005841 2.922352 r 0.002935 0.001354 -0.004693 0.999985
5 0.009125 -0.009830 3.548214 r 0.003565 0.001648 -0.004727 0.999982
6 0.011371 -0.014823 4.174098 r 0.004358 0.001822 -0.004769 0.999979
7 0.013734 -0.020794 4.799735 r 0.004963 0.001894 -0.004826 0.999975
8 0.016032 -0.026972 5.424922 r 0.004943 0.001741 -0.004908 0.999975
9 0.018196 -0.033171 6.050048 r 0.004990 0.001727 -0.004935 0.999975
Residuals: 4.902931
Step 36
0 0.001825 -0.000728 0.419699 r 0.000056 0.001259 -0.005417 0.999986
1 0.003584 -0.000484 1.045089 r 0.000378 0.001276 -0.005379 0.999986
2 0.005472 -0.000689 1.670787 r 0.001048 0.001314 -0.005342 0.999986
3 0.007385 -0.001826 2.296602 r 0.001722 0.001483 -0.005315 0.999985
4 0.008843 -0.003809 2.922414 r 0.002529 0.001507 -0.005308 0.999983
5 0.010924 -0.007304 3.548254 r 0.003170 0.001747 -0.005344 0.999980
6 0.013275 -0.011815 4.174122 r 0.003974 0.001875 -0.005388 0.999977
7 0.015683 -0.017313 4.799750 r 0.004587 0.001914 -0.005448 0.999974
8 0.017947 -0.023001 5.424969 r 0.004548 0.001691 -0.005540 0.999974
9 0.020037 -0.028709 6.050106 r 0.004601 0.001661 -0.005573 0.999973
Residuals: 6.777505
Step 37
0 0.001984 -0.000725 0.419623 r -0.000359 0.001360 -0.005712 0.999984
1 0.003902 0.000038 1.045004 r -0.000032 0.001360 -0.005673 0.999985
2 0.005919 0.000343 1.670681 r 0.000651 0.001363 -0.005635 0.999985
3 0.007906 -0.000306 2.296471 r 0.001345 0.001487 -0.005608 0.999984
4 0.009372 -0.001829 2.922254 r 0.002176 0.001461 -0.005602 0.999982
5 0.011389 -0.004895 3.548067 r 0.002841 0.001653 -0.005640 0.999980
6 0.013608 -0.009008 4.173914 r 0.003667 0.001741 -0.005686 0.999977
7 0.015831 -0.014133 4.799529 r 0.004296 0.001750 -0.005747 0.999973
8 0.017828 -0.019457 5.424834 r 0.004262 0.001453 -0.005849 0.999974
9 0.019612 -0.024814 6.049996 r 0.004326 0.001408 -0.005886 0.999973
Residuals: 5.589524
Step 38
0 0.002145 -0.000846 0.419941 r -0.000561 0.001259 -0.005513 0.999985
1 0.003972 0.000172 1.045304 r -0.000229 0.001244 -0.005475 0.999986
2 0.005872 0.000721 1.670951 r 0.000467 0.001218 -0.005439 0.999986
3 0.007691 0.000295 2.296717 r 0.001181 0.001297 -0.005413 0.999986
4 0.008921 -0.001031 2.922509 r 0.002035 0.001221 -0.005408 0.999984
5 0.010629 -0.003932 3.548304 r 0.002724 0.001364 -0.005448 0.999982
6 0.012472 -0.007909 4.174136 r 0.003570 0.001410 -0.005496 0.999979
7 0.014266 -0.012922 4.799742 r 0.004215 0.001390 -0.005560 0.999976
8 0.015749 -0.018139 5.425099 r 0.004184 0.001017 -0.005670 0.999976
9 0.016981 -0.023403 6.050283 r 0.004259 0.000957 -0.005712 0.999975
Residuals: 6.374864
Step 39
0 0.002155 -0.000991 0.420337 r -0.000384 0.001000 -0.005293 0.999987
1 0.003646 -0.000289 1.045912 r -0.000048 0.000952 -0.005262 0.999987
2 0.005156 -0.000039 1.671750 r 0.000608 0.000881 -0.005231 0.999987
3 0.006547 -0.000647 2.297511 r 0.001308 0.000939 -0.005205 0.999987
4 0.007289 -0.002139 2.923479 r 0.002058 0.000804 -0.005201 0.999985
5 0.008466 -0.005066 3.549258 r 0.002733 0.000926 -0.005242 0.999983
6 0.009751 -0.009049 4.175077 r 0.003568 0.000954 -0.005292 0.999981
7 0.010949 -0.014020 4.800740 r 0.004150 0.000903 -0.005358 0.999978
8 0.011809 -0.019122 5.426170 r 0.004087 0.000512 -0.005472 0.999977
9 0.012402 -0.024258 6.051362 r 0.004159 0.000442 -0.005515 0.999977
Residuals: 7.081124
Step 40
0 0.002240 -0.001292 0.419527 r -0.000059 0.000564 -0.005100 0.999988
1 0.003223 -0.001005 1.044921 r 0.000271 0.000497 -0.005073 0.999989
2 0.004191 -0.001164 1.670585 r 0.000922 0.000386 -0.005045 0.999988
3 0.004970 -0.002180 2.296296 r 0.001625 0.000382 -0.005022 0.999988
4 0.005010 -0.004083 2.922104 r 0.002381 0.000177 -0.005021 0.999986
5 0.005385 -0.007424 3.547846 r 0.003063 0.000230 -0.005065 0.999984
6 0.005773 -0.011826 4.173634 r 0.003906 0.000199 -0.005119 0.999981
7 0.005999 -0.017221 4.799226 r 0.004494 0.000105 -0.005189 0.999977
8 0.005788 -0.022726 5.424664 r 0.004397 -0.000371 -0.005320 0.999977
9 0.005260 -0.028249 6.049870 r 0.004476 -0.000462 -0.005367 0.999976
Residuals: 10.881268
Step 41
0 0.002129 -0.001478 0.419272 r 0.000673 -0.000103 -0.005020 0.999989
1 0.002221 -0.002206 1.044887 r 0.000986 -0.000186 -0.005000 0.999989
2 0.002268 -0.003311 1.670756 r 0.001541 -0.000321 -0.004969 0.999988
3 0.002148 -0.005104 2.296437 r 0.002223 -0.000337 -0.004944 0.999987
4 0.001230 -0.007745 2.922391 r 0.002842 -0.000553 -0.004940 0.999985
5 0.000680 -0.011654 3.548083 r 0.003501 -0.000507 -0.004984 0.999983
6 0.000129 -0.016587 4.173887 r 0.004319 -0.000552 -0.005035 0.999980
7 -0.000569 -0.022409 4.799577 r 0.004810 -0.000637 -0.005096 0.999976
8 -0.001694 -0.028253 5.425148 r 0.004661 -0.001112 -0.005225 0.999976
9 -0.003154 -0.034090 6.050367 r 0.004728 -0.001207 -0.005273 0.999975
Residuals: 7.923518
Step 42
0 0.001983 -0.001707 0.419337 r 0.001201 -0.000673 -0.005316 0.999986
1 0.001356 -0.003120 1.044762 r 0.001498 -0.000760 -0.005294 0.999986
2 0.000675 -0.004881 1.670423 r 0.002019 -0.000907 -0.005260 0.999986
3 -0.000189 -0.007278 2.296090 r 0.002655 -0.000939 -0.005232 0.999984
4 -0.001876 -0.010455 2.921864 r 0.003224 -0.001175 -0.005228 0.999982
5 -0.003221 -0.014829 3.547533 r 0.003836 -0.001150 -0.005272 0.999979
6 -0.004591 -0.020159 4.173312 r 0.004613 -0.001213 -0.005324 0.999976
7 -0.006129 -0.026327 4.798857 r 0.005075 -0.001312 -0.005386 0.999973
8 -0.008095 -0.032437 5.424437 r 0.004856 -0.001785 -0.005523 0.999972
9 -0.010401 -0.038511 6.049648 r 0.004921 -0.001883 -0.005572 0.999972
Residuals: 7.514502
Step 43
0 0.001886 -0.001887 0.420124 r 0.001527 -0.001004 -0.005694 0.999984
1 0.000838 -0.003728 1.045535 r 0.001810 -0.001094 -0.005669 0.999984
2 -0.000270 -0.005894 1.671172 r 0.002304 -0.001247 -0.005633 0.999983
3 -0.001571 -0.008652 2.296810 r 0.002903 -0.001290 -0.005605 0.999981
4 -0.003710 -0.012135 2.922552 r 0.003432 -0.001538 -0.005600 0.999979
5 -0.005522 -0.016757 3.548160 r 0.004004 -0.001526 -0.005644 0.999976
6 -0.007376 -0.022282 4.173915 r 0.004747 -0.001601 -0.005697 0.999973
7 -0.009410 -0.028599 4.799440 r 0.005184 -0.001709 -0.005760 0.999970
8 -0.011865 -0.034799 5.425064 r 0.004912 -0.002175 -0.005905 0.999969
9 -0.014663 -0.040940 6.050272 r 0.004976 -0.002276 -0.005954 0.999968
Residuals: 5.952546
Step 44
0 0.001775 -0.002050 0.420586 r 0.001700 -0.001139 -0.006100 0.999981
1 0.000547 -0.004132 1.045985 r 0.001968 -0.001230 -0.006073 0.999981
2 -0.000745 -0.006510 1.671602 r 0.002430 -0.001388 -0.006035 0.999980
3 -0.002236 -0.009431 2.297216 r 0.002986 -0.001437 -0.006007 0.999979
4 -0.004572 -0.013012 2.922933 r 0.003465 -0.001693 -0.006002 0.999976
5 -0.006592 -0.017663 3.548497 r 0.003990 -0.001691 -0.006048 0.999974
6 -0.008664 -0.023151 4.174233 r 0.004693 -0.001775 -0.006103 0.999971
7 -0.010925 -0.029381 4.799746 r 0.005101 -0.001891 -0.006168 0.999967
8 -0.013594 -0.035433 5.425403 r 0.004769 -0.002339 -0.006321 0.999967
9 -0.016600 -0.041391 6.050611 r 0.004830 -0.002443 -0.006371 0.999966
Residuals: 6.817724
Step 45
0 0.001694 -0.002183 0.420793 r 0.001703 -0.001088 -0.006507 0.999978
1 0.000519 -0.004294 1.046182 r 0.001958 -0.001180 -0.006479 0.999978
2 -0.000722 -0.006675 1.671777 r 0.002391 -0.001339 -0.006441 0.999978
3 -0.002165 -0.009554 2.297362 r 0.002908 -0.001393 -0.006412 0.999977
4 -0.004457 -0.013033 2.923047 r 0.003342 -0.001655 -0.006409 0.999974
5 -0.006440 -0.017519 3.548566 r 0.003823 -0.001660 -0.006456 0.999972
6 -0.008480 -0.022785 4.174279 r 0.004489 -0.001751 -0.006512 0.999969
7 -0.010717 -0.028743 4.799777 r 0.004870 -0.001872 -0.006579 0.999966
8 -0.013352 -0.034471 5.425471 r 0.004483 -0.002303 -0.006740 0.999966
9 -0.016314 -0.040069 6.050684 r 0.004541 -0.002409 -0.006790 0.999965
Residuals: 5.871710
Step 46
0 0.001625 -0.002298 0.420713 r 0.001555 -0.000845 -0.006918 0.999976
1 0.000742 -0.004249 1.046091 r 0.001796 -0.000936 -0.006889 0.999976
2 -0.000206 -0.006443 1.671665 r 0.002198 -0.001096 -0.006850 0.999976
3 -0.001357 -0.009087 2.297222 r 0.002672 -0.001153 -0.006821 0.999975
4 -0.003360 -0.012269 2.922879 r 0.003060 -0.001420 -0.006819 0.999973
5 -0.005058 -0.016390 3.548364 r 0.003495 -0.001431 -0.006868 0.999971
6 -0.006820 -0.021230 4.174057 r 0.004121 -0.001529 -0.006927 0.999968
7 -0.008782 -0.026712 4.799543 r 0.004474 -0.001655 -0.006996 0.999965
8 -0.011131 -0.031912 5.425272 r 0.004031 -0.002066 -0.007165 0.999965
9 -0.013797 -0.036945 6.050490 r 0.004086 -0.002174 -0.007216 0.999964
Residuals: 5.835072
Step 47
0 0.001577 -0.002388 0.420366 r 0.001247 -0.000405 -0.007326 0.999974
1 0.001232 -0.003980 1.045734 r 0.001473 -0.000495 -0.007296 0.999974
2 0.000824 -0.005790 1.671286 r 0.001845 -0.000656 -0.007256 0.999974
3 0.000214 -0.008001 2.296815 r 0.002278 -0.000715 -0.007228 0.999974
4 -0.001249 -0.010687 2.922443 r 0.002619 -0.000985 -0.007227 0.999972
5 -0.002411 -0.014249 3.547900 r 0.003009 -0.001000 -0.007278 0.999970
6 -0.003639 -0.018467 4.173573 r 0.003597 -0.001103 -0.007339 0.999968
7 -0.005072 -0.023279 4.799048 r 0.003921 -0.001235 -0.007411 0.999965
8 -0.006879 -0.027757 5.424812 r 0.003422 -0.001624 -0.007587 0.999965
9 -0.008989 -0.032031 6.050040 r 0.003475 -0.001735 -0.007639 0.999965
Residuals: 5.443882
Step 48
0 0.001556 -0.002476 0.419749 r 0.000773 0.000241 -0.007704 0.999972
1 0.002015 -0.003508 1.045106 r 0.000983 0.000151 -0.007672 0.999972
2 0.002409 -0.004730 1.670640 r 0.001323 -0.000015 -0.007632 0.999972
3 0.002593 -0.006302 2.296143 r 0.001715 -0.000081 -0.007603 0.999972
4 0.001914 -0.008288 2.921743 r 0.002009 -0.000361 -0.007602 0.999971
5 0.001527 -0.011082 3.547177 r 0.002353 -0.000387 -0.007655 0.999970
6 0.001063 -0.014469 4.172832 r 0.002901 -0.000499 -0.007718 0.999968
7 0.000383 -0.018400 4.798299 r 0.003197 -0.000639 -0.007791 0.999965
8 -0.000654 -0.021926 5.424103 r 0.002637 -0.001013 -0.007976 0.999966
9 -0.001996 -0.025222 6.049339 r 0.002687 -0.001126 -0.008029 0.999965
Residuals: 5.217583
Step 49
0 0.001549 -0.002540 0.419375 r 0.000130 0.000837 -0.008004 0.999969
1 0.002761 -0.002811 1.044718 r 0.000324 0.000739 -0.007973 0.999970
2 0.003894 -0.003242 1.670223 r 0.000632 0.000556 -0.007933 0.999970
3 0.004789 -0.003968 2.295704 r 0.000974 0.000465 -0.007905 0.999971
4 0.004788 -0.005032 2.921283 r 0.001214 0.000156 -0.007904 0.999970
5 0.005038 -0.006825 3.546697 r 0.001504 0.000101 -0.007959 0.999969
6 0.005175 -0.009139 4.172339 r 0.002009 -0.000038 -0.008025 0.999968
7 0.005066 -0.011938 4.797800 r 0.002273 -0.000197 -0.008101 0.999966
8 0.004580 -0.014246 5.423663 r 0.001626 -0.000582 -0.008293 0.999966
9 0.003785 -0.016282 6.048906 r 0.001675 -0.000699 -0.008347 0.999965
Residuals: 6.318702
Step 50
0 0.001741 -0.002525 0.419332 r -0.000666 0.001175 -0.008062 0.999968
1 0.003415 -0.001801 1.044679 r -0.000466 0.001059 -0.008028 0.999969
2 0.004978 -0.001251 1.670190 r -0.000143 0.000839 -0.007987 0.999970
3 0.006247 -0.001018 2.295659 r 0.000222 0.000701 -0.007956 0.999971
4 0.006546 -0.001153 2.921223 r 0.000490 0.000340 -0.007955 0.999970
5 0.007025 -0.002055 3.546625 r 0.000807 0.000236 -0.008011 0.999969
6 0.007322 -0.003512 4.172258 r 0.001333 0.000056 -0.008078 0.999969
7 0.007320 -0.005476 4.797706 r 0.001612 -0.000130 -0.008153 0.999967
8 0.006861 -0.006950 5.423657 r 0.000963 -0.000580 -0.008347 0.999966
9 0.006074 -0.008160 6.048900 r 0.001015 -0.000697 -0.008401 0.999965
Residuals: 4.990251
Step 51
0 0.001689 -0.002350 0.420365 r -0.001508 0.001030 -0.008016 0.999968
1 0.003158 -0.000523 1.045856 r -0.001247 0.000926 -0.007979 0.999969
2 0.004548 0.001044 1.671530 r -0.000832 0.000748 -0.007933 0.999970
3 0.005720 0.002151 2.297175 r -0.000345 0.000681 -0.007898 0.999971
4 0.006029 0.002719 2.922925 r 0.000051 0.000404 -0.007893 0.999971
5 0.006635 0.002321 3.548507 r 0.000506 0.000389 -0.007946 0.999970
6 0.007172 0.001177 4.174291 r 0.001152 0.000286 -0.008011 0.999969
7 0.007497 -0.000625 4.799847 r 0.001514 0.000156 -0.008083 0.999967
8 0.007414 -0.002007 5.425836 r 0.000896 -0.000264 -0.008268 0.999967
9 0.007030 -0.003136 6.051074 r 0.000949 -0.000374 -0.008323 0.999966
Residuals: 1.180767
Step 52
0 0.001622 -0.002096 0.420667 r -0.001856 0.000734 -0.007983 0.999968
1 0.002699 0.000191 1.046075 r -0.001583 0.000646 -0.007942 0.999969
2 0.003724 0.002198 1.671668 r -0.001151 0.000501 -0.007893 0.999970
3 0.004583 0.003720 2.297232 r -0.000644 0.000477 -0.007855 0.999972
4 0.004642 0.004671 2.922895 r -0.000229 0.000249 -0.007848 0.999971
5 0.005074 0.004632 3.548375 r 0.000237 0.000288 -0.007899 0.999971
6 0.005510 0.003828 4.174073 r 0.000890 0.000231 -0.007962 0.999970
7 0.005789 0.002354 4.799569 r 0.001255 0.000133 -0.008033 0.999968
8 0.005696 0.001295 5.425499 r 0.000637 -0.000269 -0.008216 0.999968
9 0.005318 0.000487 6.050729 r 0.000696 -0.000365 -0.008269 0.999967
Residuals: 1.126273
Step 53
0 0.001490 -0.002033 0.420562 r -0.001968 0.000286 -0.007968 0.999968
1 0.001992 0.000402 1.045950 r -0.001699 0.000206 -0.007927 0.999969
2 0.002455 0.002562 1.671512 r -0.001270 0.000075 -0.007877 0.999971
3 0.002775 0.004244 2.297038 r -0.000770 0.000071 -0.007838 0.999972
4 0.002326 0.005363 2.922658 r -0.000361 -0.000134 -0.007831 0.999971
5 0.002310 0.005514 3.548167 r 0.000121 0.000020 -0.007878 0.999971
6 0.002420 0.004863 4.173830 r 0.000768 -0.000017 -0.007940 0.999970
7 0.002401 0.003548 4.799301 r 0.001128 -0.000099 -0.008010 0.999969
8 0.002024 0.002652 5.425217 r 0.000508 -0.000495 -0.008194 0.999968
9 0.001368 0.002012 6.050448 r 0.000564 -0.000586 -0.008246 0.999967
Residuals: 1.855166
Step 54
0 0.001415 -0.002168 0.420300 r -0.001829 -0.000205 -0.007977 0.999968
1 0.001305 0.000082 1.045682 r -0.001568 -0.000290 -0.007936 0.999969
2 0.001149 0.002072 1.671227 r -0.001156 -0.000431 -0.007887 0.999971
3 0.000833 0.003610 2.296726 r -0.000678 -0.000449 -0.007850 0.999972
4 -0.000274 0.004618 2.922312 r -0.000294 -0.000671 -0.007843 0.999971
5 -0.001002 0.004712 3.547934 r 0.000053 -0.000554 -0.007894 0.999970
6 -0.001618 0.004156 4.173580 r 0.000685 -0.000606 -0.007957 0.999970
7 -0.002381 0.002958 4.799044 r 0.001033 -0.000700 -0.008028 0.999968
8 -0.003516 0.002202 5.424957 r 0.000396 -0.001105 -0.008213 0.999967
9 -0.004934 0.001707 6.050187 r 0.000451 -0.001198 -0.008266 0.999967
Residuals: 5.926990
Step 55
0 0.001436 -0.002086 0.420441 r -0.001730 -0.000672 -0.007866 0.999969
1 0.000747 0.000060 1.045827 r -0.001459 -0.000756 -0.007826 0.999970
2 0.000049 0.001929 1.671417 r -0.000997 -0.000851 -0.007785 0.999971
3 -0.000746 0.003275 2.296963 r -0.000408 -0.000900 -0.007747 0.999972
4 -0.002420 0.003920 2.922604 r 0.000103 -0.001195 -0.007742 0.999972
5 -0.003803 0.003516 3.548084 r 0.000475 -0.001079 -0.007795 0.999971
6 -0.005122 0.002381 4.173805 r 0.001208 -0.001206 -0.007855 0.999970
7 -0.006643 0.000523 4.799265 r 0.001573 -0.001303 -0.007926 0.999968
8 -0.008560 -0.000939 5.425224 r 0.000973 -0.001730 -0.008112 0.999967
9 -0.010765 -0.002150 6.050450 r 0.001030 -0.001823 -0.008164 0.999966
Residuals: 5.566844
Step 56
0 0.001633 -0.002196 0.420799 r -0.001254 -0.000604 -0.007730 0.999971
1 0.001169 -0.000729 1.046391 r -0.000976 -0.000725 -0.007702 0.999972
2 0.000523 0.000526 1.671970 r -0.000505 -0.000838 -0.007662 0.999973
3 -0.000217 0.001164 2.297724 r 0.000085 -0.001079 -0.007630 0.999973
4 -0.002134 0.001113 2.923584 r 0.000594 -0.001602 -0.007630 0.999972
5 -0.004072 0.000081 3.549253 r 0.000911 -0.001693 -0.007685 0.999970
6 -0.006249 -0.001590 4.175174 r 0.001579 -0.002015 -0.007761 0.999969
7 -0.008883 -0.003893 4.800739 r 0.001898 -0.002253 -0.007849 0.999967
8 -0.012001 -0.005754 5.426663 r 0.001298 -0.002689 -0.008037 0.999965
9 -0.015417 -0.007373 6.051889 r 0.001358 -0.002789 -0.008098 0.999964
Residuals: 11.240374
Step 57
0 0.001484 -0.002209 0.420073 r -0.000522 -0.000851 -0.007613 0.999972
1 0.000684 -0.001651 1.045493 r -0.000246 -0.000962 -0.007583 0.999973
2 -0.000278 -0.001300 1.671061 r 0.000219 -0.001053 -0.007541 0.999974
3 -0.001304 -0.001503 2.296848 r 0.000817 -0.001109 -0.007504 0.999974
4 -0.003258 -0.002431 2.922731 r 0.001343 -0.001463 -0.007504 0.999972
5 -0.005024 -0.004395 3.548151 r 0.001654 -0.001528 -0.007558 0.999971
6 -0.006994 -0.006992 4.174029 r 0.002316 -0.001831 -0.007635 0.999969
7 -0.009395 -0.010215 4.799564 r 0.002631 -0.002055 -0.007723 0.999966
8 -0.012262 -0.012999 5.425484 r 0.002034 -0.002479 -0.007912 0.999965
9 -0.015421 -0.015547 6.050706 r 0.002090 -0.002574 -0.007971 0.999964
Residuals: 3.272701
Step 58
0 0.001270 -0.002513 0.419504 r 0.000609 -0.000621 -0.007459 0.999974
1 0.000743 -0.003427 1.044916 r 0.000846 -0.000739 -0.007426 0.999974
2 0.000050 -0.004477 1.670472 r 0.001239 -0.000837 -0.007384 0.999974
3 -0.000731 -0.005974 2.296122 r 0.001753 -0.000919 -0.007344 0.999974
4 -0.002477 -0.008071 2.921951 r 0.002185 -0.001302 -0.007345 0.999972
5 -0.004072 -0.011066 3.547377 r 0.002404 -0.001400 -0.007399 0.999971
6 -0.005906 -0.014573 4.173265 r 0.002990 -0.001728 -0.007479 0.999968
7 -0.008202 -0.018609 4.798807 r 0.003252 -0.001971 -0.007573 0.999966
8 -0.010993 -0.022152 5.424723 r 0.002630 -0.002408 -0.007779 0.999965
9 -0.014073 -0.025443 6.049942 r 0.002681 -0.002507 -0.007839 0.999964
Residuals: 10.903102
Step 59
0 0.001242 -0.002674 0.419643 r 0.001503 -0.000279 -0.007753 0.999971
1 0.001124 -0.004721 1.045032 r 0.001731 -0.000394 -0.007719 0.999971
2 0.000844 -0.006888 1.670529 r 0.002105 -0.000488 -0.007677 0.999971
3 0.000482 -0.009474 2.296108 r 0.002594 -0.000565 -0.007638 0.999970
4 -0.000835 -0.012624 2.921859 r 0.002998 -0.000944 -0.007641 0.999968
5 -0.001995 -0.016631 3.547212 r 0.003189 -0.001039 -0.007697 0.999967
6 -0.003387 -0.021112 4.173033 r 0.003751 -0.001365 -0.007779 0.999964
7 -0.005236 -0.026090 4.798526 r 0.003995 -0.001608 -0.007875 0.999961
8 -0.007558 -0.030545 5.424451 r 0.003345 -0.002023 -0.008087 0.999961
9 -0.010163 -0.034732 6.049665 r 0.003395 -0.002122 -0.008148 0.999960
Residuals: 3.665714
Step 60
0 0.001209 -0.002943 0.419993 r 0.002233 0.000305 -0.008122 0.999967
1 0.001809 -0.005941 1.045368 r 0.002443 0.000187 -0.008086 0.999967
2 0.002239 -0.009026 1.670848 r 0.002780 0.000082 -0.008042 0.999967
3 0.002572 -0.012472 2.296406 r 0.003219 -0.000011 -0.008002 0.999966
4 0.001928 -0.016405 2.922138 r 0.003566 -0.000410 -0.008005 0.999964
5 0.001415 -0.021115 3.547472 r 0.003702 -0.000524 -0.008063 0.999962
6 0.000647 -0.026225 4.173276 r 0.004218 -0.000868 -0.008147 0.999960
7 -0.000596 -0.031772 4.798758 r 0.004429 -0.001125 -0.008245 0.999957
8 -0.002306 -0.036708 5.424697 r 0.003701 -0.001531 -0.008468 0.999958
9 -0.004304 -0.041344 6.049911 r 0.003749 -0.001634 -0.008530 0.999957
Residuals: 6.788628
Step 61
0 0.001385 -0.003113 0.420743 r 0.002689 0.000815 -0.008420 0.999963
1 0.002639 -0.006701 1.046109 r 0.002896 0.000681 -0.008382 0.999963
2 0.003693 -0.010372 1.671566 r 0.003230 0.000543 -0.008337 0.999963
3 0.004600 -0.014400 2.297094 r 0.003665 0.000407 -0.008295 0.999962
4 0.004466 -0.018908 2.922791 r 0.004010 -0.000040 -0.008298 0.999960
5 0.004403 -0.024183 3.548093 r 0.004142 -0.000193 -0.008356 0.999958
6 0.004030 -0.029849 4.173869 r 0.004654 -0.000570 -0.008441 0.999956
7 0.003140 -0.035944 4.799330 r 0.004862 -0.000849 -0.008540 0.999953
8 0.001723 -0.041388 5.425341 r 0.004093 -0.001307 -0.008768 0.999954
9 -0.000002 -0.046516 6.050551 r 0.004141 -0.001411 -0.008830 0.999953
Residuals: 6.603596
Step 62
0 0.001514 -0.003058 0.421609 r 0.002893 0.001128 -0.008734 0.999959
1 0.003179 -0.006876 1.047066 r 0.003112 0.000955 -0.008693 0.999960
2 0.004591 -0.010805 1.672626 r 0.003479 0.000766 -0.008646 0.999959
3 0.005780 -0.015145 2.298260 r 0.003963 0.000571 -0.008604 0.999958
4 0.005837 -0.020054 2.924068 r 0.004380 0.000059 -0.008605 0.999956
5 0.005873 -0.025822 3.549454 r 0.004574 -0.000153 -0.008662 0.999954
6 0.005519 -0.032060 4.175296 r 0.005138 -0.000578 -0.008748 0.999951
7 0.004588 -0.038785 4.800798 r 0.005382 -0.000890 -0.008849 0.999948
8 0.003097 -0.044896 5.426872 r 0.004632 -0.001363 -0.009078 0.999949
9 0.001294 -0.050700 6.052078 r 0.004684 -0.001469 -0.009141 0.999948
Residuals: 1.693383
Step 63
0 0.001472 -0.003073 0.421819 r 0.003165 0.000969 -0.009067 0.999956
1 0.002926 -0.007238 1.047212 r 0.003381 0.000803 -0.009027 0.999956
2 0.004137 -0.011507 1.672733 r 0.003738 0.000624 -0.008981 0.999955
3 0.005140 -0.016173 2.298346 r 0.004208 0.000442 -0.008940 0.999954
4 0.005025 -0.021372 2.924125 r 0.004556 0.000022 -0.008942 0.999952
5 0.005025 -0.027337 3.549491 r 0.004684 -0.000103 -0.009000 0.999951
6 0.004743 -0.033679 4.175342 r 0.005182 -0.000475 -0.009088 0.999948
7 0.003969 -0.040437 4.800852 r 0.005379 -0.000753 -0.009187 0.999945
8 0.002650 -0.046540 5.426902 r 0.004623 -0.001226 -0.009417 0.999946
9 0.001020 -0.052331 6.052114 r 0.004668 -0.001333 -0.009480 0.999945
Residuals: 3.357183
Step 64
0 0.001345 -0.003091 0.421859 r 0.003287 0.000669 -0.009383 0.999953
1 0.002341 -0.007437 1.047204 r 0.003472 0.000558 -0.009355 0.999953
2 0.003237 -0.011827 1.672701 r 0.003815 0.000388 -0.009309 0.999952
3 0.003938 -0.016591 2.298292 r 0.004264 0.000216 -0.009269 0.999951
4 0.003535 -0.021854 2.923975 r 0.004588 -0.000196 -0.009272 0.999949
5 0.003259 -0.027851 3.549246 r 0.004693 -0.000313 -0.009332 0.999947
6 0.002711 -0.034188 4.175017 r 0.005166 -0.000682 -0.009421 0.999945
7 0.001673 -0.040914 4.800469 r 0.005346 -0.000960 -0.009522 0.999942
8 0.000116 -0.046934 5.426538 r 0.004543 -0.001410 -0.009759 0.999943
9 -0.001747 -0.052621 6.051745 r 0.004587 -0.001519 -0.009823 0.999942
Residuals: 4.235257
Step 65
0 0.001243 -0.002899 0.421679 r 0.003184 0.000078 -0.009683 0.999950
1 0.001484 -0.007097 1.047001 r 0.003373 -0.000018 -0.009656 0.999950
2 0.001652 -0.011269 1.672475 r 0.003792 -0.000080 -0.009609 0.999949
3 0.001768 -0.015990 2.298045 r 0.004245 -0.000217 -0.009569 0.999948
4 0.000829 -0.021216 2.923705 r 0.004571 -0.000593 -0.009572 0.999946
5 0.000062 -0.027183 3.548953 r 0.004680 -0.000683 -0.009632 0.999945
6 -0.000940 -0.033497 4.174688 r 0.005155 -0.001029 -0.009722 0.999941
7 -0.002403 -0.040204 4.800119 r 0.005336 -0.001291 -0.009824 0.999939
8 -0.004341 -0.046233 5.426169 r 0.004562 -0.001700 -0.010062 0.999940
9 -0.006570 -0.051938 6.051373 r 0.004605 -0.001808 -0.010125 0.999938
Residuals: 2.090022
Step 66
0 0.001283 -0.002789 0.421342 r 0.002918 -0.000380 -0.009864 0.999949
1 0.000991 -0.006592 1.046805 r 0.003125 -0.000517 -0.009832 0.999949
2 0.000556 -0.010411 1.672414 r 0.003597 -0.000633 -0.009782 0.999948
3 -0.000014 -0.014878 2.297980 r 0.004069 -0.000763 -0.009742 0.999947
4 -0.001630 -0.019878 2.923629 r 0.004416 -0.001130 -0.009746 0.999945
5 -0.003063 -0.025649 3.548873 r 0.004544 -0.001212 -0.009806 0.999943
6 -0.004721 -0.031793 4.174602 r 0.005034 -0.001550 -0.009895 0.999940
7 -0.006832 -0.038349 4.800028 r 0.005226 -0.001806 -0.009998 0.999937
8 -0.009412 -0.044237 5.426046 r 0.004456 -0.002212 -0.010236 0.999937
9 -0.012277 -0.049804 6.051244 r 0.004502 -0.002316 -0.010300 0.999936
Residuals: 1.453078
Step 67
0 0.001330 -0.002635 0.421459 r 0.002393 -0.000611 -0.009687 0.999953
1 0.000767 -0.005764 1.046859 r 0.002603 -0.000748 -0.009655 0.999952
2 0.000062 -0.008917 1.672447 r 0.003088 -0.000866 -0.009604 0.999952
3 -0.000712 -0.012728 2.298180 r 0.003651 -0.001065 -0.009566 0.999950
4 -0.002645 -0.017216 2.923980 r 0.004116 -0.001515 -0.009571 0.999947
5 -0.004574 -0.022663 3.549403 r 0.004386 -0.001731 -0.009636 0.999945
6 -0.006930 -0.028687 4.175286 r 0.005003 -0.002200 -0.009735 0.999940
7 -0.009928 -0.035275 4.800820 r 0.005294 -0.002546 -0.009831 0.999936
8 -0.013439 -0.041249 5.426833 r 0.004533 -0.002955 -0.010069 0.999937
9 -0.017240 -0.046925 6.052027 r 0.004590 -0.003058 -0.010131 0.999935
Residuals: 5.112074
Step 68
0 0.001234 -0.002432 0.420996 r 0.001767 -0.000868 -0.009531 0.999955
1 0.000345 -0.004763 1.046368 r 0.001984 -0.001000 -0.009500 0.999955
2 -0.000675 -0.007126 1.671938 r 0.002480 -0.001104 -0.009449 0.999955
3 -0.001743 -0.010165 2.297629 r 0.003059 -0.001282 -0.009411 0.999954
4 -0.003903 -0.013896 2.923422 r 0.003659 -0.001637 -0.009418 0.999950
5 -0.005934 -0.018786 3.548868 r 0.004063 -0.001762 -0.009483 0.999947
6 -0.008276 -0.024477 4.174805 r 0.004832 -0.002146 -0.009579 0.999943
7 -0.011159 -0.030933 4.800382 r 0.005239 -0.002427 -0.009672 0.999939
8 -0.014512 -0.036846 5.426381 r 0.004483 -0.002828 -0.009909 0.999939
9 -0.018140 -0.042474 6.051577 r 0.004544 -0.002921 -0.009969 0.999937
Residuals: 3.787276
Step 69
0 0.001491 -0.002337 0.420779 r 0.001060 -0.000288 -0.009297 0.999959
1 0.001522 -0.003803 1.046307 r 0.001258 -0.000498 -0.009262 0.999959
2 0.001288 -0.005299 1.672030 r 0.001765 -0.000763 -0.009208 0.999959
3 0.000751 -0.007500 2.297861 r 0.002379 -0.001155 -0.009169 0.999958
4 -0.001212 -0.010439 2.923822 r 0.003018 -0.001753 -0.009184 0.999955
5 -0.003460 -0.014592 3.549470 r 0.003452 -0.002192 -0.009284 0.999951
6 -0.006529 -0.019576 4.175632 r 0.004257 -0.002901 -0.009403 0.999945
7 -0.010506 -0.025352 4.801347 r 0.004684 -0.003383 -0.009525 0.999940
8 -0.015064 -0.030567 5.427352 r 0.003935 -0.003801 -0.009764 0.999939
9 -0.019907 -0.035521 6.052557 r 0.004001 -0.003907 -0.009835 0.999938
Residuals: 9.097540
Step 70
0 0.001592 -0.002312 0.419718 r 0.000403 0.000125 -0.009185 0.999960
1 0.002156 -0.002969 1.045166 r 0.000595 -0.000089 -0.009148 0.999961
2 0.002447 -0.003646 1.670901 r 0.001092 -0.000365 -0.009091 0.999961
3 0.002426 -0.005023 2.296911 r 0.001612 -0.000857 -0.009035 0.999961
4 0.000830 -0.007014 2.923091 r 0.002163 -0.001564 -0.009034 0.999959
5 -0.001216 -0.010100 3.548985 r 0.002522 -0.002121 -0.009121 0.999955
6 -0.004239 -0.013904 4.175358 r 0.003263 -0.002932 -0.009230 0.999950
7 -0.008292 -0.018422 4.801225 r 0.003651 -0.003488 -0.009353 0.999946
8 -0.012974 -0.022342 5.427240 r 0.002899 -0.003912 -0.009592 0.999944
9 -0.017948 -0.026005 6.052464 r 0.002965 -0.004025 -0.009668 0.999943
Residuals: 0.114510
Step 71
0 0.001400 -0.002293 0.418896 r -0.000385 0.000362 -0.009121 0.999961
1 0.002252 -0.002003 1.044314 r -0.000213 0.000156 -0.009085 0.999962
2 0.002837 -0.001693 1.670029 r 0.000239 -0.000115 -0.009028 0.999962
3 0.003118 -0.002012 2.295940 r 0.000697 -0.000604 -0.008973 0.999963
4 0.001832 -0.002853 2.922048 r 0.001179 -0.001309 -0.008973 0.999961
5 0.000103 -0.004691 3.547887 r 0.001470 -0.001866 -0.009061 0.999958
6 -0.002598 -0.007154 4.174221 r 0.002153 -0.002678 -0.009174 0.999955
7 -0.006324 -0.010259 4.800068 r 0.002499 -0.003237 -0.009299 0.999951
8 -0.010627 -0.012677 5.426081 r 0.001673 -0.003613 -0.009546 0.999949
9 -0.015215 -0.014806 6.051319 r 0.001734 -0.003729 -0.009622 0.999947
Residuals: 9.554731
Step 72
0 0.001361 -0.002396 0.419291 r -0.001075 0.000350 -0.008791 0.999963
1 0.002210 -0.001268 1.044700 r -0.000920 0.000137 -0.008758 0.999964
2 0.002778 -0.000091 1.670377 r -0.000498 -0.000148 -0.008702 0.999965
3 0.003020 0.000504 2.296250 r -0.000079 -0.000657 -0.008646 0.999966
4 0.001667 0.000636 2.922314 r 0.000360 -0.001386 -0.008646 0.999965
5 -0.000161 -0.000169 3.548110 r 0.000609 -0.001967 -0.008736 0.999962
6 -0.002989 -0.001540 4.174410 r 0.001258 -0.002799 -0.008849 0.999959
7 -0.006867 -0.003511 4.800234 r 0.001580 -0.003373 -0.008975 0.999955
8 -0.011328 -0.004717 5.426301 r 0.000687 -0.003759 -0.009226 0.999952
9 -0.016087 -0.005613 6.051538 r 0.000747 -0.003877 -0.009304 0.999951
Residuals: 5.540987
Step 73
0 0.001209 -0.002485 0.419796 r -0.001528 0.000065 -0.008431 0.999966
1 0.001694 -0.000812 1.045200 r -0.001388 -0.000146 -0.008400 0.999967
2 0.001899 0.000939 1.670867 r -0.000999 -0.000431 -0.008347 0.999968
3 0.001781 0.002151 2.296722 r -0.000618 -0.000940 -0.008292 0.999968
4 0.000069 0.002957 2.922767 r -0.000222 -0.001670 -0.008293 0.999967
5 -0.002117 0.002896 3.548547 r -0.000022 -0.002256 -0.008384 0.999965
6 -0.005307 0.002335 4.174833 r 0.000584 -0.003094 -0.008499 0.999962
7 -0.009550 0.001230 4.800648 r 0.000875 -0.003672 -0.008627 0.999958
8 -0.014352 0.000968 5.426764 r -0.000086 -0.004035 -0.008882 0.999955
9 -0.019451 0.001043 6.051999 r -0.000030 -0.004156 -0.008959 0.999953
Residuals: 7.553962
Step 74
0 0.001089 -0.002328 0.419936 r -0.001837 -0.000424 -0.008293 0.999967
1 0.000934 -0.000252 1.045334 r -0.001692 -0.000619 -0.008259 0.999967
2 0.000532 0.001897 1.670987 r -0.001302 -0.000866 -0.008201 0.999969
3 -0.000134 0.003504 2.296811 r -0.000923 -0.001322 -0.008142 0.999969
4 -0.002317 0.004705 2.922822 r -0.000534 -0.001993 -0.008140 0.999968
5 -0.004891 0.005048 3.548567 r -0.000341 -0.002523 -0.008229 0.999965
6 -0.008393 0.004898 4.174823 r 0.000259 -0.003312 -0.008343 0.999962
7 -0.012887 0.004204 4.800604 r 0.000549 -0.003859 -0.008470 0.999959
8 -0.017869 0.004301 5.426738 r -0.000360 -0.004168 -0.008726 0.999955
9 -0.023127 0.004721 6.051971 r -0.000306 -0.004285 -0.008803 0.999954
Residuals: 2.582868
Step 75
0 0.000757 -0.002300 0.420415 r -0.001843 -0.000718 -0.008499 0.999965
1 0.000194 -0.000231 1.045800 r -0.001715 -0.000892 -0.008461 0.999965
2 -0.000577 0.001942 1.671427 r -0.001359 -0.001099 -0.008397 0.999967
3 -0.001551 0.003626 2.297217 r -0.001027 -0.001503 -0.008334 0.999967
4 -0.003962 0.004973 2.923187 r -0.000687 -0.002124 -0.008329 0.999966
5 -0.006694 0.005527 3.548889 r -0.000540 -0.002608 -0.008420 0.999963
6 -0.010273 0.005662 4.175108 r 0.000004 -0.003343 -0.008534 0.999961
7 -0.014792 0.005310 4.800869 r 0.000261 -0.003871 -0.008661 0.999957
8 -0.019777 0.005784 5.426929 r -0.000666 -0.004172 -0.008918 0.999954
9 -0.025037 0.006591 6.052158 r -0.000616 -0.004289 -0.008995 0.999952
Residuals: 6.175377
Step 76
0 0.000680 -0.002153 0.420622 r -0.001761 -0.000843 -0.008727 0.999963
1 -0.000061 -0.000166 1.045969 r -0.001629 -0.001001 -0.008685 0.999964
2 -0.000983 0.001916 1.671518 r -0.001266 -0.001173 -0.008618 0.999965
3 -0.002052 0.003501 2.297213 r -0.000929 -0.001534 -0.008551 0.999965
4 -0.004493 0.004740 2.923085 r -0.000583 -0.002105 -0.008543 0.999964
5 -0.007185 0.005173 3.548697 r -0.000430 -0.002540 -0.008632 0.999962
6 -0.010659 0.005175 4.174816 r 0.000118 -0.003235 -0.008746 0.999959
7 -0.015029 0.004676 4.800529 r 0.000383 -0.003740 -0.008873 0.999956
8 -0.019812 0.004938 5.426569 r -0.000479 -0.003995 -0.009130 0.999952
9 -0.024853 0.005510 6.051795 r -0.000431 -0.004109 -0.009207 0.999951
Residuals: 2.088560
Step 77
0 0.000415 -0.002082 0.420570 r -0.001378 -0.000793 -0.008951 0.999962
1 -0.000312 -0.000577 1.045913 r -0.001257 -0.000926 -0.008903 0.999962
2 -0.001176 0.001042 1.671455 r -0.000919 -0.001049 -0.008829 0.999964
3 -0.002108 0.002201 2.297134 r -0.000616 -0.001344 -0.008757 0.999964
4 -0.004314 0.003063 2.922989 r -0.000309 -0.001845 -0.008746 0.999963
5 -0.006667 0.003173 3.548586 r -0.000195 -0.002213 -0.008832 0.999961
6 -0.009709 0.002898 4.174687 r 0.000321 -0.002853 -0.008947 0.999959
7 -0.013593 0.002167 4.800401 r 0.000555 -0.003326 -0.009078 0.999955
8 -0.017844 0.002216 5.426385 r -0.000322 -0.003569 -0.009333 0.999952
9 -0.022352 0.002591 6.051613 r -0.000277 -0.003680 -0.009412 0.999951
Residuals: 4.165840
Step 78
0 0.000357 -0.002022 0.420215 r -0.000872 -0.000529 -0.009170 0.999961
1 -0.000067 -0.001139 1.045527 r -0.000749 -0.000648 -0.009119 0.999961
2 -0.000601 -0.000143 1.671003 r -0.000410 -0.000741 -0.009043 0.999962
3 -0.001156 0.000389 2.296593 r -0.000107 -0.000996 -0.008969 0.999963
4 -0.002925 0.000622 2.922348 r 0.000200 -0.001452 -0.008956 0.999962
5 -0.004779 0.000101 3.547846 r 0.000313 -0.001776 -0.009043 0.999960
6 -0.007262 -0.000809 4.173873 r 0.000828 -0.002379 -0.009158 0.999958
7 -0.010546 -0.002178 4.799529 r 0.001063 -0.002831 -0.009289 0.999955
8 -0.014143 -0.002808 5.425490 r 0.000228 -0.003029 -0.009544 0.999952
9 -0.017981 -0.003123 6.050716 r 0.000270 -0.003137 -0.009623 0.999951
Residuals: 1.981575
Step 79
0 0.000066 -0.002174 0.419548 r -0.000018 -0.000007 -0.009354 0.999959
1 0.000249 -0.002398 1.044856 r 0.000084 -0.000111 -0.009300 0.999960
2 0.000356 -0.002469 1.670300 r 0.000380 -0.000180 -0.009222 0.999961
3 0.000474 -0.002937 2.295863 r 0.000628 -0.000407 -0.009149 0.999962
4 -0.000581 -0.003625 2.921598 r 0.000869 -0.000828 -0.009139 0.999961
5 -0.001668 -0.004967 3.547070 r 0.000904 -0.001130 -0.009227 0.999959
6 -0.003346 -0.006579 4.173102 r 0.001339 -0.001708 -0.009348 0.999957
7 -0.005789 -0.008553 4.798780 r 0.001515 -0.002143 -0.009484 0.999954
8 -0.008525 -0.009733 5.424713 r 0.000654 -0.002338 -0.009740 0.999952
9 -0.011507 -0.010585 6.049939 r 0.000690 -0.002449 -0.009819 0.999951
Residuals: 8.346274
Step 80
0 0.000023 -0.002360 0.418743 r 0.000871 0.000656 -0.009343 0.999959
1 0.001017 -0.003734 1.044015 r 0.000958 0.000554 -0.009289 0.999960
2 0.001935 -0.004924 1.669414 r 0.001221 0.000484 -0.009210 0.999960
3 0.002862 -0.006459 2.294907 r 0.001422 0.000251 -0.009136 0.999961
4 0.002609 -0.008145 2.920551 r 0.001610 -0.000179 -0.009126 0.999960
5 0.002315 -0.010409 3.545938 r 0.001595 -0.000490 -0.009216 0.999959
6 0.001421 -0.012874 4.171856 r 0.001986 -0.001078 -0.009339 0.999957
7 -0.000248 -0.015646 4.797453 r 0.002130 -0.001521 -0.009477 0.999954
8 -0.002192 -0.017547 5.423403 r 0.001202 -0.001698 -0.009740 0.999953
9 -0.004382 -0.019091 6.048631 r 0.001235 -0.001812 -0.009821 0.999951
Residuals: 6.380697
Step 81
0 0.000123 -0.002623 0.419932 r 0.001406 0.001162 -0.009241 0.999959
1 0.001765 -0.004691 1.045193 r 0.001488 0.001042 -0.009185 0.999960
2 0.003301 -0.006568 1.670568 r 0.001742 0.000938 -0.009103 0.999960
3 0.004790 -0.008778 2.296028 r 0.001935 0.000658 -0.009028 0.999961
4 0.005031 -0.011124 2.921637 r 0.002115 0.000175 -0.009018 0.999961
5 0.005164 -0.014029 3.547013 r 0.002088 -0.000179 -0.009108 0.999959
6 0.004639 -0.017116 4.172904 r 0.002469 -0.000803 -0.009232 0.999957
7 0.003293 -0.020493 4.798483 r 0.002607 -0.001272 -0.009371 0.999954
8 0.001607 -0.022947 5.424495 r 0.001624 -0.001502 -0.009640 0.999953
9 -0.000345 -0.025021 6.049720 r 0.001658 -0.001618 -0.009720 0.999952
Residuals: 7.327134
Step 82
0 0.000148 -0.002616 0.420807 r 0.001601 0.001345 -0.009151 0.999959
1 0.002023 -0.004894 1.046131 r 0.001698 0.001209 -0.009095 0.999960
2 0.003771 -0.007010 1.671579 r 0.001987 0.001090 -0.009015 0.999961
3 0.005453 -0.009514 2.297113 r 0.002224 0.000801 -0.008940 0.999961
4 0.005872 -0.012251 2.922814 r 0.002483 0.000313 -0.008932 0.999961
5 0.006176 -0.015656 3.548281 r 0.002535 -0.000041 -0.009023 0.999959
6 0.005810 -0.019368 4.174243 r 0.003010 -0.000668 -0.009146 0.999956
7 0.004620 -0.023467 4.799860 r 0.003207 -0.001136 -0.009283 0.999954
8 0.003099 -0.026696 5.425940 r 0.002251 -0.001359 -0.009550 0.999953
9 0.001322 -0.029566 6.051164 r 0.002292 -0.001472 -0.009628 0.999952
Residuals: 2.058817
Step 83
0 0.000183 -0.002607 0.420953 r 0.001709 0.001297 -0.009051 0.999960
1 0.002002 -0.005010 1.046244 r 0.001811 0.001160 -0.008994 0.999961
2 0.003692 -0.007259 1.671674 r 0.002109 0.001039 -0.008913 0.999961
3 0.005314 -0.009912 2.297199 r 0.002360 0.000747 -0.008838 0.999962
4 0.005667 -0.012817 2.922900 r 0.002635 0.000256 -0.008829 0.999961
5 0.005900 -0.016414 3.548330 r 0.002703 -0.000101 -0.008920 0.999959
6 0.005455 -0.020372 4.174289 r 0.003248 -0.000766 -0.009040 0.999957
7 0.004129 -0.024803 4.799903 r 0.003497 -0.001258 -0.009175 0.999954
8 0.002451 -0.028397 5.425940 r 0.002546 -0.001481 -0.009443 0.999953
9 0.000520 -0.031641 6.051164 r 0.002595 -0.001592 -0.009519 0.999952
Residuals: 2.086108
Step 84
0 0.000136 -0.002432 0.421061 r 0.001319 0.000978 -0.008971 0.999962
1 0.001564 -0.004231 1.046437 r 0.001475 0.000835 -0.008912 0.999962
2 0.002872 -0.005971 1.671957 r 0.001879 0.000727 -0.008830 0.999963
3 0.004125 -0.008296 2.297574 r 0.002286 0.000448 -0.008756 0.999963
4 0.004128 -0.011114 2.923364 r 0.002732 -0.000024 -0.008748 0.999962
5 0.004051 -0.014944 3.548955 r 0.003047 -0.000343 -0.008846 0.999959
6 0.003339 -0.019456 4.175067 r 0.003799 -0.000967 -0.008969 0.999955
7 0.001776 -0.024638 4.800757 r 0.004143 -0.001442 -0.009108 0.999951
8 -0.000135 -0.029050 5.426789 r 0.003206 -0.001659 -0.009375 0.999952
9 -0.002287 -0.033125 6.052009 r 0.003263 -0.001764 -0.009455 0.999951
Residuals: 2.391123
Step 85
0 0.000007 -0.002364 0.420536 r 0.001085 0.000396 -0.008887 0.999963
1 0.000700 -0.003860 1.045893 r 0.001240 0.000256 -0.008828 0.999964
2 0.001279 -0.005295 1.671414 r 0.001642 0.000157 -0.008747 0.999964
3 0.001812 -0.007278 2.297150 r 0.002077 -0.000060 -0.008674 0.999964
4 0.001197 -0.009825 2.923082 r 0.002582 -0.000451 -0.008667 0.999963
5 0.000615 -0.013454 3.548724 r 0.002930 -0.000691 -0.008763 0.999960
6 -0.000499 -0.017826 4.174936 r 0.003715 -0.001248 -0.008884 0.999956
7 -0.002380 -0.022915 4.800692 r 0.004082 -0.001674 -0.009021 0.999952
8 -0.004577 -0.027247 5.426703 r 0.003144 -0.001887 -0.009288 0.999953
9 -0.007011 -0.031239 6.051921 r 0.003198 -0.001988 -0.009368 0.999951
Residuals: 2.489587
Step 86
0 0.000101 -0.002670 0.419669 r 0.000717 -0.000051 -0.008840 0.999964
1 0.000280 -0.003743 1.045012 r 0.000859 -0.000226 -0.008778 0.999965
2 0.000282 -0.004735 1.670523 r 0.001250 -0.000394 -0.008692 0.999965
3 0.000132 -0.006249 2.296160 r 0.001670 -0.000703 -0.008614 0.999965
4 -0.001289 -0.008294 2.921996 r 0.002155 -0.001181 -0.008602 0.999964
5 -0.002801 -0.011390 3.547587 r 0.002490 -0.001505 -0.008697 0.999961
6 -0.004956 -0.015211 4.173762 r 0.003268 -0.002129 -0.008822 0.999957
7 -0.007964 -0.019733 4.799495 r 0.003631 -0.002602 -0.008960 0.999952
8 -0.011338 -0.023491 5.425512 r 0.002694 -0.002838 -0.009229 0.999952
9 -0.014977 -0.026905 6.050751 r 0.002746 -0.002962 -0.009312 0.999951
Residuals: 11.233982
Step 87
0 0.000084 -0.002577 0.419201 r 0.000167 -0.000471 -0.008701 0.999966
1 -0.000207 -0.002982 1.044575 r 0.000306 -0.000684 -0.008636 0.999966
2 -0.000746 -0.003307 1.670159 r 0.000697 -0.000931 -0.008544 0.999967
3 -0.001542 -0.004150 2.295867 r 0.001109 -0.001327 -0.008460 0.999967
4 -0.003764 -0.005521 2.921792 r 0.001596 -0.001931 -0.008441 0.999965
5 -0.006253 -0.007954 3.547483 r 0.001951 -0.002376 -0.008526 0.999962
6 -0.009561 -0.011137 4.173771 r 0.002767 -0.003115 -0.008639 0.999957
7 -0.013861 -0.015061 4.799593 r 0.003172 -0.003672 -0.008772 0.999952
8 -0.018613 -0.018250 5.425652 r 0.002254 -0.003953 -0.009041 0.999951
9 -0.023641 -0.021102 6.050880 r 0.002305 -0.004078 -0.009124 0.999950
Residuals: 4.317181
Step 88
0 0.000118 -0.002539 0.419217 r -0.000379 -0.000662 -0.008689 0.999966
1 -0.000349 -0.002277 1.044690 r -0.000252 -0.000896 -0.008624 0.999966
2 -0.001104 -0.001920 1.670389 r 0.000124 -0.001193 -0.008532 0.999967
3 -0.002204 -0.002054 2.296219 r 0.000516 -0.001666 -0.008447 0.999967
4 -0.004884 -0.002691 2.922300 r 0.000993 -0.002399 -0.008428 0.999965
5 -0.008013 -0.004372 3.548142 r 0.001341 -0.002975 -0.008515 0.999961
6 -0.012135 -0.006787 4.174554 r 0.002154 -0.003826 -0.008627 0.999956
7 -0.017380 -0.009931 4.800463 r 0.002559 -0.004461 -0.008755 0.999951
8 -0.023118 -0.012345 5.426505 r 0.001643 -0.004747 -0.009024 0.999949
9 -0.029133 -0.014425 6.051728 r 0.001696 -0.004874 -0.009107 0.999948
Residuals: 4.545113
Step 89
0 -0.000073 -0.002650 0.419488 r -0.000708 -0.000804 -0.008703 0.999965
1 -0.000717 -0.002018 1.044889 r -0.000603 -0.001042 -0.008637 0.999966
2 -0.001659 -0.001253 1.670539 r -0.000267 -0.001351 -0.008545 0.999967
3 -0.002964 -0.000906 2.296350 r 0.000063 -0.001844 -0.008459 0.999967
4 -0.005875 -0.000969 2.922433 r 0.000471 -0.002602 -0.008440 0.999965
5 -0.009267 -0.001980 3.548286 r 0.000755 -0.003203 -0.008529 0.999961
6 -0.013683 -0.003635 4.174713 r 0.001516 -0.004077 -0.008642 0.999956
7 -0.019248 -0.005954 4.800632 r 0.001885 -0.004730 -0.008773 0.999951
8 -0.025324 -0.007506 5.426677 r 0.000952 -0.005027 -0.009044 0.999949
9 -0.031685 -0.008716 6.051902 r 0.001000 -0.005158 -0.009127 0.999947
Residuals: 7.670573
Step 90
0 -0.000256 -0.002604 0.419843 r -0.000849 -0.000881 -0.008734 0.999965
1 -0.001016 -0.001804 1.045230 r -0.000752 -0.001107 -0.008666 0.999965
2 -0.002054 -0.000856 1.670858 r -0.000433 -0.001394 -0.008573 0.999966
3 -0.003419 -0.000301 2.296627 r -0.000128 -0.001858 -0.008487 0.999967
4 -0.006353 -0.000117 2.922656 r 0.000249 -0.002592 -0.008468 0.999965
5 -0.009733 -0.000837 3.548460 r 0.000500 -0.003172 -0.008557 0.999961
6 -0.014104 -0.002160 4.174848 r 0.001233 -0.004029 -0.008672 0.999957
7 -0.019600 -0.004111 4.800742 r 0.001581 -0.004671 -0.008803 0.999952
8 -0.025553 -0.005267 5.426788 r 0.000629 -0.004920 -0.009074 0.999949
9 -0.031777 -0.006071 6.052011 r 0.000674 -0.005052 -0.009157 0.999948
Residuals: 4.371280
Step 91
0 -0.000493 -0.002753 0.419960 r -0.000699 -0.000710 -0.008753 0.999965
1 -0.001059 -0.002182 1.045339 r -0.000626 -0.000929 -0.008683 0.999965
2 -0.001891 -0.001424 1.670945 r -0.000354 -0.001211 -0.008588 0.999967
3 -0.003043 -0.000985 2.296685 r -0.000110 -0.001672 -0.008502 0.999967
4 -0.005757 -0.000826 2.922692 r 0.000200 -0.002406 -0.008486 0.999965
5 -0.008917 -0.001464 3.548477 r 0.000376 -0.002993 -0.008578 0.999961
6 -0.013072 -0.002603 4.174848 r 0.001045 -0.003859 -0.008695 0.999957
7 -0.018360 -0.004294 4.800733 r 0.001350 -0.004509 -0.008830 0.999953
8 -0.024111 -0.005144 5.426780 r 0.000377 -0.004764 -0.009103 0.999950
9 -0.030140 -0.005631 6.052007 r 0.000418 -0.004899 -0.009187 0.999948
Residuals: 8.457193
Step 92
0 -0.000579 -0.002677 0.419666 r -0.000434 -0.000472 -0.008800 0.999965
1 -0.000871 -0.002432 1.045016 r -0.000361 -0.000677 -0.008727 0.999966
2 -0.001404 -0.001998 1.670573 r -0.000091 -0.000929 -0.008629 0.999967
3 -0.002211 -0.001880 2.296252 r 0.000150 -0.001351 -0.008542 0.999967
4 -0.004521 -0.002038 2.922198 r 0.000455 -0.002041 -0.008525 0.999965
5 -0.007220 -0.002990 3.547903 r 0.000627 -0.002592 -0.008616 0.999962
6 -0.010864 -0.004440 4.174212 r 0.001293 -0.003428 -0.008734 0.999959
7 -0.015600 -0.006442 4.800054 r 0.001596 -0.004055 -0.008869 0.999954
8 -0.020741 -0.007640 5.426104 r 0.000664 -0.004260 -0.009139 0.999952
9 -0.026142 -0.008490 6.051332 r 0.000703 -0.004393 -0.009223 0.999950
Residuals: 1.982661
Step 93
0 -0.000785 -0.002899 0.419164 r 0.000183 0.000094 -0.008808 0.999965
1 -0.000400 -0.003484 1.044499 r 0.000237 -0.000112 -0.008736 0.999966
2 -0.000253 -0.003842 1.670040 r 0.000457 -0.000369 -0.008637 0.999967
3 -0.000389 -0.004440 2.295699 r 0.000630 -0.000797 -0.008551 0.999967
4 -0.002036 -0.005198 2.921627 r 0.000843 -0.001498 -0.008536 0.999966
5 -0.004078 -0.006618 3.547338 r 0.000925 -0.002059 -0.008626 0.999963
6 -0.007073 -0.008405 4.173663 r 0.001505 -0.002902 -0.008750 0.999960
7 -0.011170 -0.010639 4.799526 r 0.001748 -0.003537 -0.008894 0.999955
8 -0.015674 -0.012004 5.425544 r 0.000782 -0.003746 -0.009171 0.999953
9 -0.020438 -0.013004 6.050778 r 0.000815 -0.003884 -0.009256 0.999952
Residuals: 9.534637
Step 94
0 -0.000786 -0.003017 0.418927 r 0.000650 0.000596 -0.008997 0.999963
1 0.000218 -0.004218 1.044243 r 0.000691 0.000390 -0.008925 0.999964
2 0.000983 -0.005164 1.669737 r 0.000882 0.000127 -0.008826 0.999965
3 0.001456 -0.006306 2.295333 r 0.001018 -0.000311 -0.008741 0.999966
4 0.000405 -0.007552 2.921180 r 0.001189 -0.001024 -0.008727 0.999965
5 -0.001057 -0.009399 3.546809 r 0.001229 -0.001598 -0.008819 0.999962
6 -0.003488 -0.011559 4.173048 r 0.001776 -0.002454 -0.008945 0.999959
7 -0.007033 -0.014121 4.798849 r 0.001994 -0.003098 -0.009091 0.999955
8 -0.010981 -0.015751 5.424888 r 0.000972 -0.003302 -0.009375 0.999953
9 -0.015194 -0.016991 6.050122 r 0.001003 -0.003443 -0.009460 0.999951
Residuals: 4.772284
Step 95
0 -0.000820 -0.003222 0.419628 r 0.000849 0.000854 -0.009112 0.999962
1 0.000512 -0.004711 1.044931 r 0.000874 0.000637 -0.009040 0.999963
2 0.001584 -0.005920 1.670399 r 0.001036 0.000350 -0.008941 0.999964
3 0.002329 -0.007278 2.295963 r 0.001134 -0.000121 -0.008856 0.999965
4 0.001503 -0.008675 2.921791 r 0.001255 -0.000871 -0.008843 0.999964
5 0.000216 -0.010602 3.547405 r 0.001248 -0.001481 -0.008937 0.999961
6 -0.002086 -0.012772 4.173633 r 0.001754 -0.002368 -0.009065 0.999958
7 -0.005540 -0.015291 4.799427 r 0.001943 -0.003036 -0.009213 0.999954
8 -0.009426 -0.016782 5.425521 r 0.000833 -0.003264 -0.009508 0.999952
9 -0.013600 -0.017840 6.050767 r 0.000849 -0.003419 -0.009599 0.999950
Residuals: 7.171452
Step 96
0 -0.000716 -0.003091 0.419896 r 0.000698 0.000728 -0.009164 0.999961
1 0.000466 -0.004372 1.045193 r 0.000735 0.000514 -0.009095 0.999962
2 0.001394 -0.005392 1.670655 r 0.000917 0.000233 -0.009001 0.999964
3 0.002139 -0.006509 2.296206 r 0.001086 -0.000239 -0.008958 0.999964
4 0.001173 -0.007849 2.921997 r 0.001239 -0.000981 -0.008951 0.999963
5 -0.000245 -0.009763 3.547577 r 0.001262 -0.001584 -0.009050 0.999960
6 -0.002671 -0.011961 4.173774 r 0.001793 -0.002464 -0.009182 0.999957
7 -0.006243 -0.014538 4.799543 r 0.002000 -0.003126 -0.009331 0.999952
8 -0.010254 -0.016152 5.425688 r 0.000951 -0.003358 -0.009627 0.999950
9 -0.014547 -0.017356 6.050920 r 0.000968 -0.003512 -0.009718 0.999949
Residuals: 1.941713
Step 97
0 -0.000625 -0.002869 0.419906 r 0.000074 0.000559 -0.009357 0.999960
1 0.000399 -0.003269 1.045372 r 0.000156 0.000285 -0.009280 0.999961
2 0.001086 -0.003492 1.671010 r 0.000443 -0.000071 -0.009178 0.999962
3 0.001478 -0.004023 2.296822 r 0.000808 -0.000624 -0.009127 0.999962
4 0.000081 -0.005031 2.922718 r 0.001143 -0.001398 -0.009115 0.999961
5 -0.001826 -0.006870 3.548377 r 0.001343 -0.002023 -0.009207 0.999958
6 -0.004787 -0.009238 4.174631 r 0.002023 -0.002915 -0.009337 0.999954
7 -0.008920 -0.012172 4.800432 r 0.002333 -0.003579 -0.009487 0.999949
8 -0.013500 -0.014205 5.426547 r 0.001291 -0.003809 -0.009785 0.999947
9 -0.018351 -0.015837 6.051767 r 0.001318 -0.003954 -0.009876 0.999945
Residuals: 2.452307
Step 98
0 -0.000570 -0.002734 0.419243 r -0.000418 0.000131 -0.009482 0.999959
1 -0.000069 -0.002499 1.044657 r -0.000329 -0.000150 -0.009404 0.999960
2 0.000087 -0.002100 1.670298 r -0.000027 -0.000514 -0.009300 0.999961
3 0.000005 -0.002040 2.296259 r 0.000453 -0.001152 -0.009243 0.999961
4 -0.002001 -0.002627 2.922350 r 0.000923 -0.002016 -0.009223 0.999959
5 -0.004662 -0.004233 3.548194 r 0.001258 -0.002725 -0.009310 0.999955
6 -0.008510 -0.006549 4.174594 r 0.002050 -0.003685 -0.009441 0.999950
7 -0.013641 -0.009574 4.800491 r 0.002440 -0.004393 -0.009590 0.999944
8 -0.019241 -0.011739 5.426588 r 0.001407 -0.004622 -0.009890 0.999942
9 -0.025107 -0.013515 6.051804 r 0.001444 -0.004763 -0.009982 0.999940
Residuals: 5.686515
Step 99
0 -0.000488 -0.002671 0.419241 r -0.000700 -0.000284 -0.009460 0.999959
1 -0.000489 -0.002069 1.044665 r -0.000599 -0.000571 -0.009381 0.999960
2 -0.000842 -0.001321 1.670315 r -0.000277 -0.000943 -0.009279 0.999961
3 -0.001392 -0.000977 2.296388 r 0.000309 -0.001724 -0.009228 0.999961
4 -0.004067 -0.001422 2.922662 r 0.000887 -0.002728 -0.009215 0.999958
5 -0.007616 -0.003033 3.548683 r 0.001330 -0.003571 -0.009307 0.999952
6 -0.012551 -0.005491 4.175229 r 0.002216 -0.004640 -0.009445 0.999946
7 -0.018922 -0.008764 4.801218 r 0.002672 -0.005419 -0.009599 0.999938
8 -0.025812 -0.011216 5.427294 r 0.001649 -0.005649 -0.009899 0.999937
9 -0.032964 -0.013292 6.052503 r 0.001696 -0.005788 -0.009992 0.999934
Residuals: 9.825673
Step 100
0 -0.000302 -0.002774 0.419698 r -0.000543 -0.000363 -0.009454 0.999959
1 -0.000376 -0.002376 1.045151 r -0.000437 -0.000658 -0.009378 0.999960
2 -0.000735 -0.001934 1.670968 r -0.000118 -0.001190 -0.009284 0.999961
3 -0.001556 -0.001889 2.297289 r 0.000462 -0.002204 -0.009241 0.999959
4 -0.004827 -0.002567 2.923840 r 0.000989 -0.003443 -0.009229 0.999955
5 -0.009318 -0.004325 3.550122 r 0.001388 -0.004509 -0.009322 0.999948
6 -0.015509 -0.006852 4.176876 r 0.002239 -0.005760 -0.009462 0.999940
7 -0.023377 -0.010152 4.803017 r 0.002679 -0.006678 -0.009631 0.999931
8 -0.031851 -0.012601 5.429072 r 0.001658 -0.006916 -0.009936 0.999928
9 -0.040593 -0.014685 6.054275 r 0.001709 -0.007063 -0.010037 0.999926
Residuals: 10.836622
# Kernel took: 225244971467	 Simulation took: 225245059641