# Gravity: [0.000000 0.000000 -980.000000]
# Ground size: 20.000000
# Time Step: 0.010000
# End Time: 1.000000
# Steps: 100
# Substeps: 50
# Iterations: ->5 <-25
# Running with CUDA #
# thread blocks: 1
# Trying to read velocities from "/home/ugrads/a/andrewleachtx/code/cuda-xpbdpriv/cmaes/data/velocities.txt"
Step 0
0 0.000000 0.000000 0.500000 r 0.000000 0.000000 0.000000 1.000000
1 0.000000 0.000000 1.500000 r 0.000000 0.000000 0.000000 1.000000
2 0.000000 0.000000 2.500000 r 0.000000 0.000000 0.000000 1.000000
3 0.000000 0.000000 3.500000 r 0.000000 0.000000 0.000000 1.000000
4 0.000000 0.000000 4.500000 r 0.000000 0.000000 0.000000 1.000000
5 0.000000 0.000000 5.500000 r 0.000000 0.000000 0.000000 1.000000
6 0.000000 0.000000 6.500000 r 0.000000 0.000000 0.000000 1.000000
7 0.000000 0.000000 7.500000 r 0.000000 0.000000 0.000000 1.000000
8 0.000000 0.000000 8.500000 r 0.000000 0.000000 0.000000 1.000000
9 0.000000 0.000000 9.500000 r 0.000000 0.000000 0.000000 1.000000
10 -6.000000 0.000000 0.500000 r 0.000000 0.000000 0.000000 1.000000
Step 1
0 0.000000 0.000000 0.500000 r 0.000000 0.000000 0.000000 1.000000
1 0.000000 0.000000 1.500000 r 0.000000 0.000000 0.000000 1.000000
2 0.000000 0.000000 2.500000 r 0.000000 0.000000 0.000000 1.000000
3 0.000000 0.000000 3.500000 r 0.000000 0.000000 0.000000 1.000000
4 0.000000 0.000000 4.500000 r 0.000000 0.000000 0.000000 1.000000
5 0.000000 0.000000 5.500000 r 0.000000 0.000000 0.000000 1.000000
6 0.000000 0.000000 6.500000 r 0.000000 0.000000 0.000000 1.000000
7 0.000000 0.000000 7.500000 r 0.000000 0.000000 0.000000 1.000000
8 0.000000 0.000000 8.500000 r 0.000000 0.000000 0.000000 1.000000
9 0.000000 0.000000 9.500000 r 0.000000 0.000000 0.000000 1.000000
10 -5.592000 0.000000 1.930041 r 0.000000 0.000000 0.000000 1.000000
Step 2
0 0.000000 0.000000 0.500000 r 0.000000 0.000000 0.000000 1.000000
1 0.000000 0.000000 1.500000 r 0.000000 0.000000 0.000000 1.000000
2 0.000000 0.000000 2.500000 r 0.000000 0.000000 0.000000 1.000000
3 0.000000 0.000000 3.500000 r 0.000000 0.000000 0.000000 1.000000
4 0.000000 0.000000 4.500000 r 0.000000 0.000000 0.000000 1.000000
5 0.000000 0.000000 5.500000 r 0.000000 0.000000 0.000000 1.000000
6 0.000000 0.000000 6.500000 r 0.000000 0.000000 0.000000 1.000000
7 0.000000 0.000000 7.500000 r 0.000000 0.000000 0.000000 1.000000
8 0.000000 0.000000 8.500000 r 0.000000 0.000000 0.000000 1.000000
9 0.000000 0.000000 9.500000 r 0.000000 0.000000 0.000000 1.000000
10 -5.184000 0.000000 3.260121 r 0.000000 0.000000 0.000000 1.000000
Step 3
0 0.000000 0.000000 0.500000 r 0.000000 0.000000 0.000000 1.000000
1 0.000000 0.000000 1.500000 r 0.000000 0.000000 0.000000 1.000000
2 0.000000 0.000000 2.500000 r 0.000000 0.000000 0.000000 1.000000
3 0.000000 0.000000 3.500000 r 0.000000 0.000000 0.000000 1.000000
4 0.000000 0.000000 4.500000 r 0.000000 0.000000 0.000000 1.000000
5 0.000000 0.000000 5.500000 r 0.000000 0.000000 0.000000 1.000000
6 0.000000 0.000000 6.500000 r 0.000000 0.000000 0.000000 1.000000
7 0.000000 0.000000 7.500000 r 0.000000 0.000000 0.000000 1.000000
8 0.000000 0.000000 8.500000 r 0.000000 0.000000 0.000000 1.000000
9 0.000000 0.000000 9.500000 r 0.000000 0.000000 0.000000 1.000000
10 -4.776000 0.000000 4.490240 r 0.000000 0.000000 0.000000 1.000000
Step 4
0 0.000000 0.000000 0.500000 r 0.000000 0.000000 0.000000 1.000000
1 0.000000 0.000000 1.500000 r 0.000000 0.000000 0.000000 1.000000
2 0.000000 0.000000 2.500000 r 0.000000 0.000000 0.000000 1.000000
3 0.000000 0.000000 3.500000 r 0.000000 0.000000 0.000000 1.000000
4 0.000000 0.000000 4.500000 r 0.000000 0.000000 0.000000 1.000000
5 0.000000 0.000000 5.500000 r 0.000000 0.000000 0.000000 1.000000
6 0.000000 0.000000 6.500000 r 0.000000 0.000000 0.000000 1.000000
7 0.000000 0.000000 7.500000 r 0.000000 0.000000 0.000000 1.000000
8 0.000000 0.000000 8.500000 r 0.000000 0.000000 0.000000 1.000000
9 0.000000 0.000000 9.500000 r 0.000000 0.000000 0.000000 1.000000
10 -4.368000 0.000000 5.620400 r 0.000000 0.000000 0.000000 1.000000
Step 5
0 0.000000 0.000000 0.500000 r 0.000000 0.000000 0.000000 1.000000
1 0.000000 0.000000 1.500000 r 0.000000 0.000000 0.000000 1.000000
2 0.000000 0.000000 2.500000 r 0.000000 0.000000 0.000000 1.000000
3 0.000000 0.000000 3.500000 r 0.000000 0.000000 0.000000 1.000000
4 0.000000 0.000000 4.500000 r 0.000000 0.000000 0.000000 1.000000
5 0.000000 0.000000 5.500000 r 0.000000 0.000000 0.000000 1.000000
6 0.000000 0.000000 6.500000 r 0.000000 0.000000 0.000000 1.000000
7 0.000000 0.000000 7.500000 r 0.000000 0.000000 0.000000 1.000000
8 0.000000 0.000000 8.500000 r 0.000000 0.000000 0.000000 1.000000
9 0.000000 0.000000 9.500000 r 0.000000 0.000000 0.000000 1.000000
10 -3.960000 0.000000 6.650600 r 0.000000 0.000000 0.000000 1.000000
Step 6
0 0.000000 0.000000 0.500000 r 0.000000 0.000000 0.000000 1.000000
1 0.000000 0.000000 1.500000 r 0.000000 0.000000 0.000000 1.000000
2 0.000000 0.000000 2.500000 r 0.000000 0.000000 0.000000 1.000000
3 0.000000 0.000000 3.500000 r 0.000000 0.000000 0.000000 1.000000
4 0.000000 0.000000 4.500000 r 0.000000 0.000000 0.000000 1.000000
5 0.000000 0.000000 5.500000 r 0.000000 0.000000 0.000000 1.000000
6 0.000000 0.000000 6.500000 r 0.000000 0.000000 0.000000 1.000000
7 0.000000 0.000000 7.500000 r 0.000000 0.000000 0.000000 1.000000
8 0.000000 0.000000 8.500000 r 0.000000 0.000000 0.000000 1.000000
9 0.000000 0.000000 9.500000 r 0.000000 0.000000 0.000000 1.000000
10 -3.552001 0.000000 7.580840 r 0.000000 0.000000 0.000000 1.000000
Step 7
0 0.000000 0.000000 0.500000 r 0.000000 0.000000 0.000000 1.000000
1 0.000000 0.000000 1.500000 r 0.000000 0.000000 0.000000 1.000000
2 0.000000 0.000000 2.500000 r 0.000000 0.000000 0.000000 1.000000
3 0.000000 0.000000 3.500000 r 0.000000 0.000000 0.000000 1.000000
4 0.000000 0.000000 4.500000 r 0.000000 0.000000 0.000000 1.000000
5 0.000000 0.000000 5.500000 r 0.000000 0.000000 0.000000 1.000000
6 0.000000 0.000000 6.500000 r 0.000000 0.000000 0.000000 1.000000
7 0.000000 0.000000 7.500000 r 0.000000 0.000000 0.000000 1.000000
8 0.000000 0.000000 8.500000 r 0.000000 0.000000 0.000000 1.000000
9 0.000000 0.000000 9.500000 r 0.000000 0.000000 0.000000 1.000000
10 -3.144001 0.000000 8.411119 r 0.000000 0.000000 0.000000 1.000000
Step 8
0 -0.000000 0.000000 0.500000 r 0.000000 0.000000 0.000000 1.000000
1 0.000000 0.000000 1.500000 r 0.000000 0.000000 0.000000 1.000000
2 0.000000 0.000000 2.500000 r 0.000000 0.000000 0.000000 1.000000
3 0.000000 0.000000 3.500000 r 0.000000 0.000000 0.000000 1.000000
4 0.000000 0.000000 4.500000 r 0.000000 0.000000 0.000000 1.000000
5 0.000000 0.000000 5.500000 r 0.000000 0.000000 0.000000 1.000000
6 0.000000 0.000000 6.500000 r 0.000000 0.000000 0.000000 1.000000
7 0.000000 0.000000 7.500000 r 0.000000 0.000000 0.000000 1.000000
8 0.000000 0.000000 8.500000 r 0.000000 0.000000 0.000000 1.000000
9 0.000000 0.000000 9.500000 r 0.000000 0.000000 0.000000 1.000000
10 -2.736001 0.000000 9.141439 r 0.000000 0.000000 0.000000 1.000000
Step 9
0 -0.000000 0.000000 0.500000 r 0.000000 0.000000 0.000000 1.000000
1 0.000000 0.000000 1.500000 r 0.000000 0.000000 0.000000 1.000000
2 0.000000 0.000000 2.500000 r 0.000000 0.000000 0.000000 1.000000
3 0.000000 0.000000 3.500000 r 0.000000 0.000000 0.000000 1.000000
4 0.000000 0.000000 4.500000 r 0.000000 0.000000 0.000000 1.000000
5 0.000000 0.000000 5.500000 r 0.000000 0.000000 0.000000 1.000000
6 0.000000 0.000000 6.500000 r 0.000000 0.000000 0.000000 1.000000
7 0.000000 0.000000 7.500000 r 0.000000 0.000000 0.000000 1.000000
8 0.000000 0.000000 8.500000 r 0.000000 0.000000 0.000000 1.000000
9 0.000000 0.000000 9.500000 r 0.000000 0.000000 0.000000 1.000000
10 -2.328001 0.000000 9.771799 r 0.000000 0.000000 0.000000 1.000000
Step 10
0 -0.000000 0.000000 0.500000 r 0.000000 0.000000 0.000000 1.000000
1 0.000000 0.000000 1.500000 r 0.000000 0.000000 0.000000 1.000000
2 0.000000 0.000000 2.500000 r 0.000000 0.000000 0.000000 1.000000
3 0.000000 0.000000 3.500000 r 0.000000 0.000000 0.000000 1.000000
4 0.000000 0.000000 4.500000 r 0.000000 0.000000 0.000000 1.000000
5 0.000000 0.000000 5.500000 r 0.000000 0.000000 0.000000 1.000000
6 0.000000 0.000000 6.500000 r 0.000000 0.000000 0.000000 1.000000
7 0.000000 0.000000 7.500000 r 0.000000 0.000000 0.000000 1.000000
8 0.000000 0.000000 8.500000 r 0.000000 0.000000 0.000000 1.000000
9 0.000000 0.000000 9.500000 r 0.000000 0.000000 0.000000 1.000000
10 -1.920002 0.000000 10.302198 r 0.000000 0.000000 0.000000 1.000000
Step 11
0 -0.000000 0.000000 0.500000 r 0.000000 0.000000 0.000000 1.000000
1 0.000000 0.000000 1.500000 r 0.000000 0.000000 0.000000 1.000000
2 0.000000 0.000000 2.500000 r 0.000000 0.000000 0.000000 1.000000
3 0.000000 0.000000 3.500000 r 0.000000 0.000000 0.000000 1.000000
4 0.000000 0.000000 4.500000 r 0.000000 0.000000 0.000000 1.000000
5 0.000000 0.000000 5.500000 r 0.000000 0.000000 0.000000 1.000000
6 0.000000 0.000000 6.500000 r 0.000000 0.000000 0.000000 1.000000
7 0.000000 0.000000 7.500000 r 0.000000 0.000000 0.000000 1.000000
8 0.000000 0.000000 8.500000 r 0.000000 0.000000 0.000000 1.000000
9 0.000000 0.000000 9.500000 r 0.000000 0.000000 0.000000 1.000000
10 -1.512002 0.000000 10.732638 r 0.000000 0.000000 0.000000 1.000000
Step 12
0 -0.000000 0.000000 0.500000 r 0.000000 0.000000 0.000000 1.000000
1 0.000000 0.000000 1.500000 r 0.000000 0.000000 0.000000 1.000000
2 0.000000 0.000000 2.500000 r 0.000000 0.000000 0.000000 1.000000
3 0.000000 0.000000 3.500000 r 0.000000 0.000000 0.000000 1.000000
4 0.000000 0.000000 4.500000 r 0.000000 0.000000 0.000000 1.000000
5 0.000000 0.000000 5.500000 r 0.000000 0.000000 0.000000 1.000000
6 0.000000 0.000000 6.500000 r 0.000000 0.000000 0.000000 1.000000
7 0.000000 0.000000 7.500000 r 0.000000 0.000000 0.000000 1.000000
8 0.000000 0.000000 8.500000 r 0.000000 0.000000 0.000000 1.000000
9 0.000000 0.000000 9.500000 r 0.000000 0.000000 0.000000 1.000000
10 -1.104002 0.000000 11.063118 r 0.000000 0.000000 0.000000 1.000000
Step 13
0 -0.000000 0.000000 0.500000 r 0.000000 0.000000 0.000000 1.000000
1 0.000000 0.000000 1.500000 r 0.000000 0.000000 0.000000 1.000000
2 0.000000 0.000000 2.500000 r 0.000000 0.000000 0.000000 1.000000
3 0.000000 0.000000 3.500000 r 0.000000 0.000000 0.000000 1.000000
4 0.000000 0.000000 4.500000 r 0.000000 0.000000 0.000000 1.000000
5 0.000000 0.000000 5.500000 r 0.000000 0.000000 0.000000 1.000000
6 0.000000 0.000000 6.500000 r 0.000000 0.000000 0.000000 1.000000
7 0.000000 0.000000 7.500000 r 0.000000 0.000000 0.000000 1.000000
8 0.000000 0.000000 8.500000 r 0.000000 0.000000 0.000000 1.000000
9 0.000000 0.000000 9.500000 r 0.000000 0.000000 0.000000 1.000000
10 -0.696002 0.000000 11.293638 r 0.000000 0.000000 0.000000 1.000000
Step 14
0 -0.000000 0.000000 0.500000 r 0.000000 0.000000 0.000000 1.000000
1 0.000000 0.000000 1.500000 r 0.000000 0.000000 0.000000 1.000000
2 0.000000 0.000000 2.500000 r 0.000000 0.000000 0.000000 1.000000
3 0.000000 0.000000 3.500000 r 0.000000 0.000000 0.000000 1.000000
4 0.000000 0.000000 4.500000 r 0.000000 0.000000 0.000000 1.000000
5 0.000000 0.000000 5.500000 r 0.000000 0.000000 0.000000 1.000000
6 0.000000 0.000000 6.500000 r 0.000000 0.000000 0.000000 1.000000
7 0.000000 0.000000 7.500000 r 0.000000 0.000000 0.000000 1.000000
8 0.000000 0.000000 8.500000 r 0.000000 0.000000 0.000000 1.000000
9 0.000000 0.000000 9.500000 r 0.000000 0.000000 0.000000 1.000000
10 -0.288002 0.000000 11.424198 r 0.000000 0.000000 0.000000 1.000000
Step 15
0 -0.000000 0.000000 0.500000 r 0.000000 0.000000 0.000000 1.000000
1 0.000000 0.000000 1.500000 r 0.000000 0.000000 0.000000 1.000000
2 0.000000 0.000000 2.500000 r 0.000000 0.000000 0.000000 1.000000
3 0.000000 0.000000 3.500000 r 0.000000 0.000000 0.000000 1.000000
4 0.000000 0.000000 4.500000 r 0.000000 0.000000 0.000000 1.000000
5 0.000000 0.000000 5.500000 r 0.000000 0.000000 0.000000 1.000000
6 0.000000 0.000000 6.500000 r 0.000000 0.000000 0.000000 1.000000
7 0.000000 0.000000 7.500000 r 0.000000 0.000000 0.000000 1.000000
8 0.000000 0.000000 8.500000 r 0.000000 0.000000 0.000000 1.000000
9 0.000000 0.000000 9.500000 r 0.000000 0.000000 0.000000 1.000000
10 0.119997 0.000000 11.454798 r 0.000000 0.000000 0.000000 1.000000
Step 16
0 -0.000000 0.000000 0.500000 r 0.000000 0.000000 0.000000 1.000000
1 0.000000 0.000000 1.500000 r 0.000000 0.000000 0.000000 1.000000
2 0.000000 0.000000 2.500000 r 0.000000 0.000000 0.000000 1.000000
3 0.000000 0.000000 3.500000 r 0.000000 0.000000 0.000000 1.000000
4 0.000000 0.000000 4.500000 r 0.000000 0.000000 0.000000 1.000000
5 0.000000 0.000000 5.500000 r 0.000000 0.000000 0.000000 1.000000
6 0.000000 0.000000 6.500000 r 0.000000 0.000000 0.000000 1.000000
7 0.000000 0.000000 7.500000 r 0.000000 0.000000 0.000000 1.000000
8 0.000000 0.000000 8.500000 r 0.000000 0.000000 0.000000 1.000000
9 0.000000 0.000000 9.500000 r 0.000000 0.000000 0.000000 1.000000
10 0.527997 0.000000 11.385438 r 0.000000 0.000000 0.000000 1.000000
Step 17
0 -0.000000 0.000000 0.500000 r 0.000000 0.000000 0.000000 1.000000
1 0.000000 0.000000 1.500000 r 0.000000 0.000000 0.000000 1.000000
2 0.000000 0.000000 2.500000 r 0.000000 0.000000 0.000000 1.000000
3 0.000000 0.000000 3.500000 r 0.000000 0.000000 0.000000 1.000000
4 0.000000 0.000000 4.500000 r 0.000000 0.000000 0.000000 1.000000
5 0.000000 0.000000 5.500000 r 0.000000 0.000000 0.000000 1.000000
6 0.000000 0.000000 6.500000 r 0.000000 0.000000 0.000000 1.000000
7 0.000000 0.000000 7.500000 r 0.000000 0.000000 0.000000 1.000000
8 0.000000 0.000000 8.500000 r 0.000000 0.000000 0.000000 1.000000
9 0.000000 0.000000 9.500000 r 0.000000 0.000000 0.000000 1.000000
10 0.935997 0.000000 11.216118 r 0.000000 0.000000 0.000000 1.000000
Step 18
0 -0.000000 0.000000 0.500000 r 0.000000 0.000000 0.000000 1.000000
1 0.000000 0.000000 1.500000 r 0.000000 0.000000 0.000000 1.000000
2 0.000000 0.000000 2.500000 r 0.000000 0.000000 0.000000 1.000000
3 0.000000 0.000000 3.500000 r 0.000000 0.000000 0.000000 1.000000
4 0.000000 0.000000 4.500000 r 0.000000 0.000000 0.000000 1.000000
5 0.000000 0.000000 5.500000 r 0.000000 0.000000 0.000000 1.000000
6 0.000000 0.000000 6.500000 r 0.000000 0.000000 0.000000 1.000000
7 0.000000 0.000000 7.500000 r 0.000000 0.000000 0.000000 1.000000
8 0.000000 0.000000 8.500000 r 0.000000 0.000000 0.000000 1.000000
9 0.000000 0.000000 9.500000 r 0.000000 0.000000 0.000000 1.000000
10 1.343997 0.000000 10.946837 r 0.000000 0.000000 0.000000 1.000000
Step 19
0 -0.000000 0.000000 0.500000 r 0.000000 0.000000 0.000000 1.000000
1 0.000000 0.000000 1.500000 r 0.000000 0.000000 0.000000 1.000000
2 0.000000 0.000000 2.500000 r 0.000000 0.000000 0.000000 1.000000
3 0.000000 0.000000 3.500000 r 0.000000 0.000000 0.000000 1.000000
4 0.000000 0.000000 4.500000 r 0.000000 0.000000 0.000000 1.000000
5 0.000000 0.000000 5.500000 r 0.000000 0.000000 0.000000 1.000000
6 0.000000 0.000000 6.500000 r 0.000000 0.000000 0.000000 1.000000
7 0.000000 0.000000 7.500000 r 0.000000 0.000000 0.000000 1.000000
8 0.000000 0.000000 8.500000 r 0.000000 0.000000 0.000000 1.000000
9 0.000000 0.000000 9.500000 r 0.000000 0.000000 0.000000 1.000000
10 1.751996 0.000000 10.577598 r 0.000000 0.000000 0.000000 1.000000
Step 20
0 -0.000000 0.000000 0.500000 r 0.000000 0.000000 0.000000 1.000000
1 0.000000 0.000000 1.500000 r 0.000000 0.000000 0.000000 1.000000
2 0.000000 0.000000 2.500000 r 0.000000 0.000000 0.000000 1.000000
3 0.000000 0.000000 3.500000 r 0.000000 0.000000 0.000000 1.000000
4 0.000000 0.000000 4.500000 r 0.000000 0.000000 0.000000 1.000000
5 0.000000 0.000000 5.500000 r 0.000000 0.000000 0.000000 1.000000
6 0.000000 0.000000 6.500000 r 0.000000 0.000000 0.000000 1.000000
7 0.000000 0.000000 7.500000 r 0.000000 0.000000 0.000000 1.000000
8 0.000000 0.000000 8.500000 r 0.000000 0.000000 0.000000 1.000000
9 0.000000 0.000000 9.500000 r 0.000000 0.000000 0.000000 1.000000
10 2.159996 0.000000 10.108397 r 0.000000 0.000000 0.000000 1.000000
Step 21
0 -0.000000 0.000000 0.500000 r 0.000000 0.000000 0.000000 1.000000
1 0.000000 0.000000 1.500000 r 0.000000 0.000000 0.000000 1.000000
2 0.000000 0.000000 2.500000 r 0.000000 0.000000 0.000000 1.000000
3 0.000000 0.000000 3.500000 r 0.000000 0.000000 0.000000 1.000000
4 0.000000 0.000000 4.500000 r 0.000000 0.000000 0.000000 1.000000
5 0.000000 0.000000 5.500000 r 0.000000 0.000000 0.000000 1.000000
6 0.000000 0.000000 6.500000 r 0.000000 0.000000 0.000000 1.000000
7 0.000000 0.000000 7.500000 r 0.000000 0.000000 0.000000 1.000000
8 0.000000 0.000000 8.500000 r 0.000000 0.000000 0.000000 1.000000
9 0.000000 0.000000 9.500000 r 0.000000 0.000000 0.000000 1.000000
10 2.567996 0.000000 9.539237 r 0.000000 0.000000 0.000000 1.000000
Step 22
0 -0.000000 0.000000 0.500000 r 0.000000 0.000000 0.000000 1.000000
1 0.000000 0.000000 1.500000 r 0.000000 0.000000 0.000000 1.000000
2 0.000000 0.000000 2.500000 r 0.000000 0.000000 0.000000 1.000000
3 0.000000 0.000000 3.500000 r 0.000000 0.000000 0.000000 1.000000
4 0.000000 0.000000 4.500000 r 0.000000 0.000000 0.000000 1.000000
5 0.000000 0.000000 5.500000 r 0.000000 0.000000 0.000000 1.000000
6 0.000000 0.000000 6.500000 r 0.000000 0.000000 0.000000 1.000000
7 0.000000 0.000000 7.500000 r 0.000000 0.000000 0.000000 1.000000
8 0.000000 0.000000 8.500000 r 0.000000 0.000000 0.000000 1.000000
9 0.000000 0.000000 9.500000 r 0.000000 0.000000 0.000000 1.000000
10 2.975996 0.000000 8.870117 r 0.000000 0.000000 0.000000 1.000000
Step 23
0 -0.000000 0.000000 0.500000 r 0.000000 0.000000 0.000000 1.000000
1 0.000000 0.000000 1.500000 r 0.000000 0.000000 0.000000 1.000000
2 0.000000 0.000000 2.500000 r 0.000000 0.000000 0.000000 1.000000
3 0.000000 0.000000 3.500000 r 0.000000 0.000000 0.000000 1.000000
4 0.000000 0.000000 4.500000 r 0.000000 0.000000 0.000000 1.000000
5 0.000000 0.000000 5.500000 r 0.000000 0.000000 0.000000 1.000000
6 0.000000 0.000000 6.500000 r 0.000000 0.000000 0.000000 1.000000
7 0.000000 0.000000 7.500000 r 0.000000 0.000000 0.000000 1.000000
8 0.000000 0.000000 8.500000 r 0.000000 0.000000 0.000000 1.000000
9 0.000000 0.000000 9.500000 r 0.000000 0.000000 0.000000 1.000000
10 3.383995 0.000000 8.101037 r 0.000000 0.000000 0.000000 1.000000
Step 24
0 -0.000000 0.000000 0.500000 r 0.000000 0.000000 0.000000 1.000000
1 0.000000 0.000000 1.500000 r 0.000000 0.000000 0.000000 1.000000
2 0.000000 0.000000 2.500000 r 0.000000 0.000000 0.000000 1.000000
3 0.000000 0.000000 3.500000 r 0.000000 0.000000 0.000000 1.000000
4 0.000000 0.000000 4.500000 r 0.000000 0.000000 0.000000 1.000000
5 0.000000 0.000000 5.500000 r 0.000000 0.000000 0.000000 1.000000
6 0.000000 0.000000 6.500000 r 0.000000 0.000000 0.000000 1.000000
7 0.000000 0.000000 7.500000 r 0.000000 0.000000 0.000000 1.000000
8 0.000000 0.000000 8.500000 r 0.000000 0.000000 0.000000 1.000000
9 0.000000 0.000000 9.500000 r 0.000000 0.000000 0.000000 1.000000
10 3.791995 0.000000 7.231997 r 0.000000 0.000000 0.000000 1.000000
Step 25
0 -0.000000 0.000000 0.500000 r 0.000000 0.000000 0.000000 1.000000
1 0.000000 0.000000 1.500000 r 0.000000 0.000000 0.000000 1.000000
2 0.000000 0.000000 2.500000 r 0.000000 0.000000 0.000000 1.000000
3 0.000000 0.000000 3.500000 r 0.000000 0.000000 0.000000 1.000000
4 0.000000 0.000000 4.500000 r 0.000000 0.000000 0.000000 1.000000
5 0.000000 0.000000 5.500000 r 0.000000 0.000000 0.000000 1.000000
6 0.000000 0.000000 6.500000 r 0.000000 0.000000 0.000000 1.000000
7 0.000000 0.000000 7.500000 r 0.000000 0.000000 0.000000 1.000000
8 0.000000 0.000000 8.500000 r 0.000000 0.000000 0.000000 1.000000
9 0.000000 0.000000 9.500000 r 0.000000 0.000000 0.000000 1.000000
10 4.199995 0.000000 6.262997 r 0.000000 0.000000 0.000000 1.000000
Step 26
0 -0.000000 0.000000 0.500000 r 0.000000 0.000000 0.000000 1.000000
1 0.000000 0.000000 1.500000 r 0.000000 0.000000 0.000000 1.000000
2 0.000000 0.000000 2.500000 r 0.000000 0.000000 0.000000 1.000000
3 0.000000 0.000000 3.500000 r 0.000000 0.000000 0.000000 1.000000
4 0.000000 0.000000 4.500000 r 0.000000 0.000000 0.000000 1.000000
5 0.000000 0.000000 5.500000 r 0.000000 0.000000 0.000000 1.000000
6 0.000000 0.000000 6.500000 r 0.000000 0.000000 0.000000 1.000000
7 0.000000 0.000000 7.500000 r 0.000000 0.000000 0.000000 1.000000
8 0.000000 0.000000 8.500000 r 0.000000 0.000000 0.000000 1.000000
9 0.000000 0.000000 9.500000 r 0.000000 0.000000 0.000000 1.000000
10 4.607995 0.000000 5.194036 r 0.000000 0.000000 0.000000 1.000000
Step 27
0 -0.000000 0.000000 0.500000 r 0.000000 0.000000 0.000000 1.000000
1 0.000000 0.000000 1.500000 r 0.000000 0.000000 0.000000 1.000000
2 0.000000 0.000000 2.500000 r 0.000000 0.000000 0.000000 1.000000
3 0.000000 0.000000 3.500000 r 0.000000 0.000000 0.000000 1.000000
4 0.000000 0.000000 4.500000 r 0.000000 0.000000 0.000000 1.000000
5 0.000000 0.000000 5.500000 r 0.000000 0.000000 0.000000 1.000000
6 0.000000 0.000000 6.500000 r 0.000000 0.000000 0.000000 1.000000
7 0.000000 0.000000 7.500000 r 0.000000 0.000000 0.000000 1.000000
8 0.000000 0.000000 8.500000 r 0.000000 0.000000 0.000000 1.000000
9 0.000000 0.000000 9.500000 r 0.000000 0.000000 0.000000 1.000000
10 5.015995 0.000000 4.025115 r 0.000000 0.000000 0.000000 1.000000
Step 28
0 -0.000000 0.000000 0.500000 r 0.000000 0.000000 0.000000 1.000000
1 0.000000 0.000000 1.500000 r 0.000000 0.000000 0.000000 1.000000
2 0.000000 0.000000 2.500000 r 0.000000 0.000000 0.000000 1.000000
3 0.000000 0.000000 3.500000 r 0.000000 0.000000 0.000000 1.000000
4 0.000000 0.000000 4.500000 r 0.000000 0.000000 0.000000 1.000000
5 0.000000 0.000000 5.500000 r 0.000000 0.000000 0.000000 1.000000
6 0.000000 0.000000 6.500000 r 0.000000 0.000000 0.000000 1.000000
7 0.000000 0.000000 7.500000 r 0.000000 0.000000 0.000000 1.000000
8 0.000000 0.000000 8.500000 r 0.000000 0.000000 0.000000 1.000000
9 0.000000 0.000000 9.500000 r 0.000000 0.000000 0.000000 1.000000
10 5.423995 0.000000 2.756235 r 0.000000 0.000000 0.000000 1.000000
Step 29
0 -0.000000 0.000000 0.500000 r 0.000000 0.000000 0.000000 1.000000
1 0.000000 0.000000 1.500000 r 0.000000 0.000000 0.000000 1.000000
2 0.000000 0.000000 2.500000 r 0.000000 0.000000 0.000000 1.000000
3 0.000000 0.000000 3.500000 r 0.000000 0.000000 0.000000 1.000000
4 0.000000 0.000000 4.500000 r 0.000000 0.000000 0.000000 1.000000
5 0.000000 0.000000 5.500000 r 0.000000 0.000000 0.000000 1.000000
6 0.000000 0.000000 6.500000 r 0.000000 0.000000 0.000000 1.000000
7 0.000000 0.000000 7.500000 r 0.000000 0.000000 0.000000 1.000000
8 0.000000 0.000000 8.500000 r 0.000000 0.000000 0.000000 1.000000
9 0.000000 0.000000 9.500000 r 0.000000 0.000000 0.000000 1.000000
10 5.831995 0.000000 1.387394 r 0.000000 0.000000 0.000000 1.000000
Step 30
0 -0.000000 0.000000 0.500000 r 0.000000 0.000000 0.000000 1.000000
1 0.000000 0.000000 1.500000 r 0.000000 0.000000 0.000000 1.000000
2 0.000000 0.000000 2.500000 r 0.000000 0.000000 0.000000 1.000000
3 0.000000 0.000000 3.500000 r 0.000000 0.000000 0.000000 1.000000
4 0.000000 0.000000 4.500000 r 0.000000 0.000000 0.000000 1.000000
5 0.000000 0.000000 5.500000 r 0.000000 0.000000 0.000000 1.000000
6 0.000000 0.000000 6.500000 r 0.000000 0.000000 0.000000 1.000000
7 0.000000 0.000000 7.500000 r 0.000000 0.000000 0.000000 1.000000
8 0.000000 0.000000 8.500000 r 0.000000 0.000000 0.000000 1.000000
9 0.000000 0.000000 9.500000 r 0.000000 0.000000 0.000000 1.000000
10 6.239995 0.000000 -0.081406 r 0.000000 0.000000 0.000000 1.000000
Step 31
0 -0.000000 0.000000 0.500000 r 0.000000 0.000000 0.000000 1.000000
1 0.000000 0.000000 1.500000 r 0.000000 0.000000 0.000000 1.000000
2 0.000000 0.000000 2.500000 r 0.000000 0.000000 0.000000 1.000000
3 0.000000 0.000000 3.500000 r 0.000000 0.000000 0.000000 1.000000
4 0.000000 0.000000 4.500000 r 0.000000 0.000000 0.000000 1.000000
5 0.000000 0.000000 5.500000 r 0.000000 0.000000 0.000000 1.000000
6 0.000000 0.000000 6.500000 r 0.000000 0.000000 0.000000 1.000000
7 0.000000 0.000000 7.500000 r 0.000000 0.000000 0.000000 1.000000
8 0.000000 0.000000 8.500000 r 0.000000 0.000000 0.000000 1.000000
9 0.000000 0.000000 9.500000 r 0.000000 0.000000 0.000000 1.000000
10 6.239995 0.000000 0.500000 r -0.000021 0.000009 0.000058 1.000000
Step 32
0 -0.000000 0.000000 0.500000 r 0.000000 0.000000 0.000000 1.000000
1 0.000000 0.000000 1.500000 r 0.000000 0.000000 0.000000 1.000000
2 0.000000 0.000000 2.500000 r 0.000000 0.000000 0.000000 1.000000
3 0.000000 0.000000 3.500000 r 0.000000 0.000000 0.000000 1.000000
4 0.000000 0.000000 4.500000 r 0.000000 0.000000 0.000000 1.000000
5 0.000000 0.000000 5.500000 r 0.000000 0.000000 0.000000 1.000000
6 0.000000 0.000000 6.500000 r 0.000000 0.000000 0.000000 1.000000
7 0.000000 0.000000 7.500000 r 0.000000 0.000000 0.000000 1.000000
8 0.000000 0.000000 8.500000 r 0.000000 0.000000 0.000000 1.000000
9 0.000000 0.000000 9.500000 r 0.000000 0.000000 0.000000 1.000000
10 6.239986 -0.000021 0.500000 r -0.000000 0.000000 0.000059 1.000000
Step 33
0 -0.000000 0.000000 0.500000 r 0.000000 0.000000 0.000000 1.000000
1 0.000000 0.000000 1.500000 r 0.000000 0.000000 0.000000 1.000000
2 0.000000 0.000000 2.500000 r 0.000000 0.000000 0.000000 1.000000
3 0.000000 0.000000 3.500000 r 0.000000 0.000000 0.000000 1.000000
4 0.000000 0.000000 4.500000 r 0.000000 0.000000 0.000000 1.000000
5 0.000000 0.000000 5.500000 r 0.000000 0.000000 0.000000 1.000000
6 0.000000 0.000000 6.500000 r 0.000000 0.000000 0.000000 1.000000
7 0.000000 0.000000 7.500000 r 0.000000 0.000000 0.000000 1.000000
8 0.000000 0.000000 8.500000 r 0.000000 0.000000 0.000000 1.000000
9 0.000000 0.000000 9.500000 r 0.000000 0.000000 0.000000 1.000000
10 6.239986 -0.000021 0.500000 r -0.000000 0.000000 0.000059 1.000000
Step 34
0 -0.000000 0.000000 0.500000 r 0.000000 0.000000 0.000000 1.000000
1 0.000000 0.000000 1.500000 r 0.000000 0.000000 0.000000 1.000000
2 0.000000 0.000000 2.500000 r 0.000000 0.000000 0.000000 1.000000
3 0.000000 0.000000 3.500000 r 0.000000 0.000000 0.000000 1.000000
4 0.000000 0.000000 4.500000 r 0.000000 0.000000 0.000000 1.000000
5 0.000000 0.000000 5.500000 r 0.000000 0.000000 0.000000 1.000000
6 0.000000 0.000000 6.500000 r 0.000000 0.000000 0.000000 1.000000
7 0.000000 0.000000 7.500000 r 0.000000 0.000000 0.000000 1.000000
8 0.000000 0.000000 8.500000 r 0.000000 0.000000 0.000000 1.000000
9 0.000000 0.000000 9.500000 r 0.000000 0.000000 0.000000 1.000000
10 6.239986 -0.000021 0.500000 r -0.000000 0.000000 0.000059 1.000000
Step 35
0 -0.000000 0.000000 0.500000 r 0.000000 0.000000 0.000000 1.000000
1 0.000000 0.000000 1.500000 r 0.000000 0.000000 0.000000 1.000000
2 0.000000 0.000000 2.500000 r 0.000000 0.000000 0.000000 1.000000
3 0.000000 0.000000 3.500000 r 0.000000 0.000000 0.000000 1.000000
4 0.000000 0.000000 4.500000 r 0.000000 0.000000 0.000000 1.000000
5 0.000000 0.000000 5.500000 r 0.000000 0.000000 0.000000 1.000000
6 0.000000 0.000000 6.500000 r 0.000000 0.000000 0.000000 1.000000
7 0.000000 0.000000 7.500000 r 0.000000 0.000000 0.000000 1.000000
8 0.000000 0.000000 8.500000 r 0.000000 0.000000 0.000000 1.000000
9 0.000000 0.000000 9.500000 r 0.000000 0.000000 0.000000 1.000000
10 6.239986 -0.000021 0.500000 r -0.000000 0.000000 0.000059 1.000000
Step 36
0 -0.000000 0.000000 0.500000 r 0.000000 0.000000 0.000000 1.000000
1 0.000000 0.000000 1.500000 r 0.000000 0.000000 0.000000 1.000000
2 0.000000 0.000000 2.500000 r 0.000000 0.000000 0.000000 1.000000
3 0.000000 0.000000 3.500000 r 0.000000 0.000000 0.000000 1.000000
4 0.000000 0.000000 4.500000 r 0.000000 0.000000 0.000000 1.000000
5 0.000000 0.000000 5.500000 r 0.000000 0.000000 0.000000 1.000000
6 0.000000 0.000000 6.500000 r 0.000000 0.000000 0.000000 1.000000
7 0.000000 0.000000 7.500000 r 0.000000 0.000000 0.000000 1.000000
8 0.000000 0.000000 8.500000 r 0.000000 0.000000 0.000000 1.000000
9 0.000000 0.000000 9.500000 r 0.000000 0.000000 0.000000 1.000000
10 6.239986 -0.000021 0.500000 r -0.000000 0.000000 0.000059 1.000000
Step 37
0 -0.000000 0.000000 0.500000 r 0.000000 0.000000 0.000000 1.000000
1 0.000000 0.000000 1.500000 r 0.000000 0.000000 0.000000 1.000000
2 0.000000 0.000000 2.500000 r 0.000000 0.000000 0.000000 1.000000
3 0.000000 0.000000 3.500000 r 0.000000 0.000000 0.000000 1.000000
4 0.000000 0.000000 4.500000 r 0.000000 0.000000 0.000000 1.000000
5 0.000000 0.000000 5.500000 r 0.000000 0.000000 0.000000 1.000000
6 0.000000 0.000000 6.500000 r 0.000000 0.000000 0.000000 1.000000
7 0.000000 0.000000 7.500000 r 0.000000 0.000000 0.000000 1.000000
8 0.000000 0.000000 8.500000 r 0.000000 0.000000 0.000000 1.000000
9 0.000000 0.000000 9.500000 r 0.000000 0.000000 0.000000 1.000000
10 6.239986 -0.000021 0.500000 r -0.000000 0.000000 0.000059 1.000000
Step 38
0 -0.000000 0.000000 0.500000 r 0.000000 0.000000 0.000000 1.000000
1 0.000000 0.000000 1.500000 r 0.000000 0.000000 0.000000 1.000000
2 0.000000 0.000000 2.500000 r 0.000000 0.000000 0.000000 1.000000
3 0.000000 0.000000 3.500000 r 0.000000 0.000000 0.000000 1.000000
4 0.000000 0.000000 4.500000 r 0.000000 0.000000 0.000000 1.000000
5 0.000000 0.000000 5.500000 r 0.000000 0.000000 0.000000 1.000000
6 0.000000 0.000000 6.500000 r 0.000000 0.000000 0.000000 1.000000
7 0.000000 0.000000 7.500000 r 0.000000 0.000000 0.000000 1.000000
8 0.000000 0.000000 8.500000 r 0.000000 0.000000 0.000000 1.000000
9 0.000000 0.000000 9.500000 r 0.000000 0.000000 0.000000 1.000000
10 6.239986 -0.000021 0.500000 r -0.000000 0.000000 0.000059 1.000000
Step 39
0 -0.000000 0.000000 0.500000 r 0.000000 0.000000 0.000000 1.000000
1 0.000000 0.000000 1.500000 r 0.000000 0.000000 0.000000 1.000000
2 0.000000 0.000000 2.500000 r 0.000000 0.000000 0.000000 1.000000
3 0.000000 0.000000 3.500000 r 0.000000 0.000000 0.000000 1.000000
4 0.000000 0.000000 4.500000 r 0.000000 0.000000 0.000000 1.000000
5 0.000000 0.000000 5.500000 r 0.000000 0.000000 0.000000 1.000000
6 0.000000 0.000000 6.500000 r 0.000000 0.000000 0.000000 1.000000
7 0.000000 0.000000 7.500000 r 0.000000 0.000000 0.000000 1.000000
8 0.000000 0.000000 8.500000 r 0.000000 0.000000 0.000000 1.000000
9 0.000000 0.000000 9.500000 r 0.000000 0.000000 0.000000 1.000000
10 6.239986 -0.000021 0.500000 r -0.000000 0.000000 0.000059 1.000000
Step 40
0 -0.000000 0.000000 0.500000 r 0.000000 0.000000 0.000000 1.000000
1 0.000000 0.000000 1.500000 r 0.000000 0.000000 0.000000 1.000000
2 0.000000 0.000000 2.500000 r 0.000000 0.000000 0.000000 1.000000
3 0.000000 0.000000 3.500000 r 0.000000 0.000000 0.000000 1.000000
4 0.000000 0.000000 4.500000 r 0.000000 0.000000 0.000000 1.000000
5 0.000000 0.000000 5.500000 r 0.000000 0.000000 0.000000 1.000000
6 0.000000 0.000000 6.500000 r 0.000000 0.000000 0.000000 1.000000
7 0.000000 0.000000 7.500000 r 0.000000 0.000000 0.000000 1.000000
8 0.000000 0.000000 8.500000 r 0.000000 0.000000 0.000000 1.000000
9 0.000000 0.000000 9.500000 r 0.000000 0.000000 0.000000 1.000000
10 6.239986 -0.000021 0.500000 r -0.000000 0.000000 0.000059 1.000000
Step 41
0 -0.000000 0.000000 0.500000 r 0.000000 0.000000 0.000000 1.000000
1 0.000000 0.000000 1.500000 r 0.000000 0.000000 0.000000 1.000000
2 0.000000 0.000000 2.500000 r 0.000000 0.000000 0.000000 1.000000
3 0.000000 0.000000 3.500000 r 0.000000 0.000000 0.000000 1.000000
4 0.000000 0.000000 4.500000 r 0.000000 0.000000 0.000000 1.000000
5 0.000000 0.000000 5.500000 r 0.000000 0.000000 0.000000 1.000000
6 0.000000 0.000000 6.500000 r 0.000000 0.000000 0.000000 1.000000
7 0.000000 0.000000 7.500000 r 0.000000 0.000000 0.000000 1.000000
8 0.000000 0.000000 8.500000 r 0.000000 0.000000 0.000000 1.000000
9 0.000000 0.000000 9.500000 r 0.000000 0.000000 0.000000 1.000000
10 6.239986 -0.000021 0.500000 r -0.000000 0.000000 0.000059 1.000000
Step 42
0 -0.000000 0.000000 0.500000 r 0.000000 0.000000 0.000000 1.000000
1 0.000000 0.000000 1.500000 r 0.000000 0.000000 0.000000 1.000000
2 0.000000 0.000000 2.500000 r 0.000000 0.000000 0.000000 1.000000
3 0.000000 0.000000 3.500000 r 0.000000 0.000000 0.000000 1.000000
4 0.000000 0.000000 4.500000 r 0.000000 0.000000 0.000000 1.000000
5 0.000000 0.000000 5.500000 r 0.000000 0.000000 0.000000 1.000000
6 0.000000 0.000000 6.500000 r 0.000000 0.000000 0.000000 1.000000
7 0.000000 0.000000 7.500000 r 0.000000 0.000000 0.000000 1.000000
8 0.000000 0.000000 8.500000 r 0.000000 0.000000 0.000000 1.000000
9 0.000000 0.000000 9.500000 r 0.000000 0.000000 0.000000 1.000000
10 6.239986 -0.000021 0.500000 r -0.000000 0.000000 0.000059 1.000000
Step 43
0 -0.000000 0.000000 0.500000 r 0.000000 0.000000 0.000000 1.000000
1 0.000000 0.000000 1.500000 r 0.000000 0.000000 0.000000 1.000000
2 0.000000 0.000000 2.500000 r 0.000000 0.000000 0.000000 1.000000
3 0.000000 0.000000 3.500000 r 0.000000 0.000000 0.000000 1.000000
4 0.000000 0.000000 4.500000 r 0.000000 0.000000 0.000000 1.000000
5 0.000000 0.000000 5.500000 r 0.000000 0.000000 0.000000 1.000000
6 0.000000 0.000000 6.500000 r 0.000000 0.000000 0.000000 1.000000
7 0.000000 0.000000 7.500000 r 0.000000 0.000000 0.000000 1.000000
8 0.000000 0.000000 8.500000 r 0.000000 0.000000 0.000000 1.000000
9 0.000000 0.000000 9.500000 r 0.000000 0.000000 0.000000 1.000000
10 6.239986 -0.000021 0.500000 r -0.000000 0.000000 0.000059 1.000000
Step 44
0 -0.000000 0.000000 0.500000 r 0.000000 0.000000 0.000000 1.000000
1 0.000000 0.000000 1.500000 r 0.000000 0.000000 0.000000 1.000000
2 0.000000 0.000000 2.500000 r 0.000000 0.000000 0.000000 1.000000
3 0.000000 0.000000 3.500000 r 0.000000 0.000000 0.000000 1.000000
4 0.000000 0.000000 4.500000 r 0.000000 0.000000 0.000000 1.000000
5 0.000000 0.000000 5.500000 r 0.000000 0.000000 0.000000 1.000000
6 0.000000 0.000000 6.500000 r 0.000000 0.000000 0.000000 1.000000
7 0.000000 0.000000 7.500000 r 0.000000 0.000000 0.000000 1.000000
8 0.000000 0.000000 8.500000 r 0.000000 0.000000 0.000000 1.000000
9 0.000000 0.000000 9.500000 r 0.000000 0.000000 0.000000 1.000000
10 6.239986 -0.000021 0.500000 r -0.000000 0.000000 0.000059 1.000000
Step 45
0 -0.000000 0.000000 0.500000 r 0.000000 0.000000 0.000000 1.000000
1 0.000000 0.000000 1.500000 r 0.000000 0.000000 0.000000 1.000000
2 0.000000 0.000000 2.500000 r 0.000000 0.000000 0.000000 1.000000
3 0.000000 0.000000 3.500000 r 0.000000 0.000000 0.000000 1.000000
4 0.000000 0.000000 4.500000 r 0.000000 0.000000 0.000000 1.000000
5 0.000000 0.000000 5.500000 r 0.000000 0.000000 0.000000 1.000000
6 0.000000 0.000000 6.500000 r 0.000000 0.000000 0.000000 1.000000
7 0.000000 0.000000 7.500000 r 0.000000 0.000000 0.000000 1.000000
8 0.000000 0.000000 8.500000 r 0.000000 0.000000 0.000000 1.000000
9 0.000000 0.000000 9.500000 r 0.000000 0.000000 0.000000 1.000000
10 6.239986 -0.000021 0.500000 r -0.000000 0.000000 0.000059 1.000000
Step 46
0 -0.000000 0.000000 0.500000 r 0.000000 0.000000 0.000000 1.000000
1 0.000000 0.000000 1.500000 r 0.000000 0.000000 0.000000 1.000000
2 0.000000 0.000000 2.500000 r 0.000000 0.000000 0.000000 1.000000
3 0.000000 0.000000 3.500000 r 0.000000 0.000000 0.000000 1.000000
4 0.000000 0.000000 4.500000 r 0.000000 0.000000 0.000000 1.000000
5 0.000000 0.000000 5.500000 r 0.000000 0.000000 0.000000 1.000000
6 0.000000 0.000000 6.500000 r 0.000000 0.000000 0.000000 1.000000
7 0.000000 0.000000 7.500000 r 0.000000 0.000000 0.000000 1.000000
8 0.000000 0.000000 8.500000 r 0.000000 0.000000 0.000000 1.000000
9 0.000000 0.000000 9.500000 r 0.000000 0.000000 0.000000 1.000000
10 6.239986 -0.000021 0.500000 r -0.000000 0.000000 0.000059 1.000000
Step 47
0 -0.000000 0.000000 0.500000 r 0.000000 0.000000 0.000000 1.000000
1 0.000000 0.000000 1.500000 r 0.000000 0.000000 0.000000 1.000000
2 0.000000 0.000000 2.500000 r 0.000000 0.000000 0.000000 1.000000
3 0.000000 0.000000 3.500000 r 0.000000 0.000000 0.000000 1.000000
4 0.000000 0.000000 4.500000 r 0.000000 0.000000 0.000000 1.000000
5 0.000000 0.000000 5.500000 r 0.000000 0.000000 0.000000 1.000000
6 0.000000 0.000000 6.500000 r 0.000000 0.000000 0.000000 1.000000
7 0.000000 0.000000 7.500000 r 0.000000 0.000000 0.000000 1.000000
8 0.000000 0.000000 8.500000 r 0.000000 0.000000 0.000000 1.000000
9 0.000000 0.000000 9.500000 r 0.000000 0.000000 0.000000 1.000000
10 6.239986 -0.000021 0.500000 r -0.000000 0.000000 0.000059 1.000000
Step 48
0 -0.000000 0.000000 0.500000 r 0.000000 0.000000 0.000000 1.000000
1 0.000000 0.000000 1.500000 r 0.000000 0.000000 0.000000 1.000000
2 0.000000 0.000000 2.500000 r 0.000000 0.000000 0.000000 1.000000
3 0.000000 0.000000 3.500000 r 0.000000 0.000000 0.000000 1.000000
4 0.000000 0.000000 4.500000 r 0.000000 0.000000 0.000000 1.000000
5 0.000000 0.000000 5.500000 r 0.000000 0.000000 0.000000 1.000000
6 0.000000 0.000000 6.500000 r 0.000000 0.000000 0.000000 1.000000
7 0.000000 0.000000 7.500000 r 0.000000 0.000000 0.000000 1.000000
8 0.000000 0.000000 8.500000 r 0.000000 0.000000 0.000000 1.000000
9 0.000000 0.000000 9.500000 r 0.000000 0.000000 0.000000 1.000000
10 6.239986 -0.000021 0.500000 r -0.000000 0.000000 0.000059 1.000000
Step 49
0 -0.000000 0.000000 0.500000 r 0.000000 0.000000 0.000000 1.000000
1 0.000000 0.000000 1.500000 r 0.000000 0.000000 0.000000 1.000000
2 0.000000 0.000000 2.500000 r 0.000000 0.000000 0.000000 1.000000
3 0.000000 0.000000 3.500000 r 0.000000 0.000000 0.000000 1.000000
4 0.000000 0.000000 4.500000 r 0.000000 0.000000 0.000000 1.000000
5 0.000000 0.000000 5.500000 r 0.000000 0.000000 0.000000 1.000000
6 0.000000 0.000000 6.500000 r 0.000000 0.000000 0.000000 1.000000
7 0.000000 0.000000 7.500000 r 0.000000 0.000000 0.000000 1.000000
8 0.000000 0.000000 8.500000 r 0.000000 0.000000 0.000000 1.000000
9 0.000000 0.000000 9.500000 r 0.000000 0.000000 0.000000 1.000000
10 6.239986 -0.000021 0.500000 r -0.000000 0.000000 0.000059 1.000000
Step 50
0 -0.000000 0.000000 0.500000 r 0.000000 0.000000 0.000000 1.000000
1 0.000000 0.000000 1.500000 r 0.000000 0.000000 0.000000 1.000000
2 0.000000 0.000000 2.500000 r 0.000000 0.000000 0.000000 1.000000
3 0.000000 0.000000 3.500000 r 0.000000 0.000000 0.000000 1.000000
4 0.000000 0.000000 4.500000 r 0.000000 0.000000 0.000000 1.000000
5 0.000000 0.000000 5.500000 r 0.000000 0.000000 0.000000 1.000000
6 0.000000 0.000000 6.500000 r 0.000000 0.000000 0.000000 1.000000
7 0.000000 0.000000 7.500000 r 0.000000 0.000000 0.000000 1.000000
8 0.000000 0.000000 8.500000 r 0.000000 0.000000 0.000000 1.000000
9 0.000000 0.000000 9.500000 r 0.000000 0.000000 0.000000 1.000000
10 6.239986 -0.000021 0.500000 r -0.000000 0.000000 0.000059 1.000000
Step 51
0 -0.000000 0.000000 0.500000 r 0.000000 0.000000 0.000000 1.000000
1 0.000000 0.000000 1.500000 r 0.000000 0.000000 0.000000 1.000000
2 0.000000 0.000000 2.500000 r 0.000000 0.000000 0.000000 1.000000
3 0.000000 0.000000 3.500000 r 0.000000 0.000000 0.000000 1.000000
4 0.000000 0.000000 4.500000 r 0.000000 0.000000 0.000000 1.000000
5 0.000000 0.000000 5.500000 r 0.000000 0.000000 0.000000 1.000000
6 0.000000 0.000000 6.500000 r 0.000000 0.000000 0.000000 1.000000
7 0.000000 0.000000 7.500000 r 0.000000 0.000000 0.000000 1.000000
8 0.000000 0.000000 8.500000 r 0.000000 0.000000 0.000000 1.000000
9 0.000000 0.000000 9.500000 r 0.000000 0.000000 0.000000 1.000000
10 6.239986 -0.000021 0.500000 r -0.000000 0.000000 0.000059 1.000000
Step 52
0 -0.000000 0.000000 0.500000 r 0.000000 0.000000 0.000000 1.000000
1 0.000000 0.000000 1.500000 r 0.000000 0.000000 0.000000 1.000000
2 0.000000 0.000000 2.500000 r 0.000000 0.000000 0.000000 1.000000
3 0.000000 0.000000 3.500000 r 0.000000 0.000000 0.000000 1.000000
4 0.000000 0.000000 4.500000 r 0.000000 0.000000 0.000000 1.000000
5 0.000000 0.000000 5.500000 r 0.000000 0.000000 0.000000 1.000000
6 0.000000 0.000000 6.500000 r 0.000000 0.000000 0.000000 1.000000
7 0.000000 0.000000 7.500000 r 0.000000 0.000000 0.000000 1.000000
8 0.000000 0.000000 8.500000 r 0.000000 0.000000 0.000000 1.000000
9 0.000000 0.000000 9.500000 r 0.000000 0.000000 0.000000 1.000000
10 6.239986 -0.000021 0.500000 r -0.000000 0.000000 0.000059 1.000000
Step 53
0 -0.000000 0.000000 0.500000 r 0.000000 0.000000 0.000000 1.000000
1 0.000000 0.000000 1.500000 r 0.000000 0.000000 0.000000 1.000000
2 0.000000 0.000000 2.500000 r 0.000000 0.000000 0.000000 1.000000
3 0.000000 0.000000 3.500000 r 0.000000 0.000000 0.000000 1.000000
4 0.000000 0.000000 4.500000 r 0.000000 0.000000 0.000000 1.000000
5 0.000000 0.000000 5.500000 r 0.000000 0.000000 0.000000 1.000000
6 0.000000 0.000000 6.500000 r 0.000000 0.000000 0.000000 1.000000
7 0.000000 0.000000 7.500000 r 0.000000 0.000000 0.000000 1.000000
8 0.000000 0.000000 8.500000 r 0.000000 0.000000 0.000000 1.000000
9 0.000000 0.000000 9.500000 r 0.000000 0.000000 0.000000 1.000000
10 6.239986 -0.000021 0.500000 r -0.000000 0.000000 0.000059 1.000000
Step 54
0 -0.000000 0.000000 0.500000 r 0.000000 0.000000 0.000000 1.000000
1 0.000000 0.000000 1.500000 r 0.000000 0.000000 0.000000 1.000000
2 0.000000 0.000000 2.500000 r 0.000000 0.000000 0.000000 1.000000
3 0.000000 0.000000 3.500000 r 0.000000 0.000000 0.000000 1.000000
4 0.000000 0.000000 4.500000 r 0.000000 0.000000 0.000000 1.000000
5 0.000000 0.000000 5.500000 r 0.000000 0.000000 0.000000 1.000000
6 0.000000 0.000000 6.500000 r 0.000000 0.000000 0.000000 1.000000
7 0.000000 0.000000 7.500000 r 0.000000 0.000000 0.000000 1.000000
8 0.000000 0.000000 8.500000 r 0.000000 0.000000 0.000000 1.000000
9 0.000000 0.000000 9.500000 r 0.000000 0.000000 0.000000 1.000000
10 6.239986 -0.000021 0.500000 r -0.000000 0.000000 0.000059 1.000000
Step 55
0 -0.000000 0.000000 0.500000 r 0.000000 0.000000 0.000000 1.000000
1 0.000000 0.000000 1.500000 r 0.000000 0.000000 0.000000 1.000000
2 0.000000 0.000000 2.500000 r 0.000000 0.000000 0.000000 1.000000
3 0.000000 0.000000 3.500000 r 0.000000 0.000000 0.000000 1.000000
4 0.000000 0.000000 4.500000 r 0.000000 0.000000 0.000000 1.000000
5 0.000000 0.000000 5.500000 r 0.000000 0.000000 0.000000 1.000000
6 0.000000 0.000000 6.500000 r 0.000000 0.000000 0.000000 1.000000
7 0.000000 0.000000 7.500000 r 0.000000 0.000000 0.000000 1.000000
8 0.000000 0.000000 8.500000 r 0.000000 0.000000 0.000000 1.000000
9 0.000000 0.000000 9.500000 r 0.000000 0.000000 0.000000 1.000000
10 6.239986 -0.000021 0.500000 r -0.000000 0.000000 0.000059 1.000000
Step 56
0 -0.000000 0.000000 0.500000 r 0.000000 0.000000 0.000000 1.000000
1 0.000000 0.000000 1.500000 r 0.000000 0.000000 0.000000 1.000000
2 0.000000 0.000000 2.500000 r 0.000000 0.000000 0.000000 1.000000
3 0.000000 0.000000 3.500000 r 0.000000 0.000000 0.000000 1.000000
4 0.000000 0.000000 4.500000 r 0.000000 0.000000 0.000000 1.000000
5 0.000000 0.000000 5.500000 r 0.000000 0.000000 0.000000 1.000000
6 0.000000 0.000000 6.500000 r 0.000000 0.000000 0.000000 1.000000
7 0.000000 0.000000 7.500000 r 0.000000 0.000000 0.000000 1.000000
8 0.000000 0.000000 8.500000 r 0.000000 0.000000 0.000000 1.000000
9 0.000000 0.000000 9.500000 r 0.000000 0.000000 0.000000 1.000000
10 6.239986 -0.000021 0.500000 r -0.000000 0.000000 0.000059 1.000000
Step 57
0 -0.000000 0.000000 0.500000 r 0.000000 0.000000 0.000000 1.000000
1 0.000000 0.000000 1.500000 r 0.000000 0.000000 0.000000 1.000000
2 0.000000 0.000000 2.500000 r 0.000000 0.000000 0.000000 1.000000
3 0.000000 0.000000 3.500000 r 0.000000 0.000000 0.000000 1.000000
4 0.000000 0.000000 4.500000 r 0.000000 0.000000 0.000000 1.000000
5 0.000000 0.000000 5.500000 r 0.000000 0.000000 0.000000 1.000000
6 0.000000 0.000000 6.500000 r 0.000000 0.000000 0.000000 1.000000
7 0.000000 0.000000 7.500000 r 0.000000 0.000000 0.000000 1.000000
8 0.000000 0.000000 8.500000 r 0.000000 0.000000 0.000000 1.000000
9 0.000000 0.000000 9.500000 r 0.000000 0.000000 0.000000 1.000000
10 6.239986 -0.000021 0.500000 r -0.000000 0.000000 0.000059 1.000000
Step 58
0 -0.000000 0.000000 0.500000 r 0.000000 0.000000 0.000000 1.000000
1 0.000000 0.000000 1.500000 r 0.000000 0.000000 0.000000 1.000000
2 0.000000 0.000000 2.500000 r 0.000000 0.000000 0.000000 1.000000
3 0.000000 0.000000 3.500000 r 0.000000 0.000000 0.000000 1.000000
4 0.000000 0.000000 4.500000 r 0.000000 0.000000 0.000000 1.000000
5 0.000000 0.000000 5.500000 r 0.000000 0.000000 0.000000 1.000000
6 0.000000 0.000000 6.500000 r 0.000000 0.000000 0.000000 1.000000
7 0.000000 0.000000 7.500000 r 0.000000 0.000000 0.000000 1.000000
8 0.000000 0.000000 8.500000 r 0.000000 0.000000 0.000000 1.000000
9 0.000000 0.000000 9.500000 r 0.000000 0.000000 0.000000 1.000000
10 6.239986 -0.000021 0.500000 r -0.000000 0.000000 0.000059 1.000000
Step 59
0 -0.000000 0.000000 0.500000 r 0.000000 0.000000 0.000000 1.000000
1 0.000000 0.000000 1.500000 r 0.000000 0.000000 0.000000 1.000000
2 0.000000 0.000000 2.500000 r 0.000000 0.000000 0.000000 1.000000
3 0.000000 0.000000 3.500000 r 0.000000 0.000000 0.000000 1.000000
4 0.000000 0.000000 4.500000 r 0.000000 0.000000 0.000000 1.000000
5 0.000000 0.000000 5.500000 r 0.000000 0.000000 0.000000 1.000000
6 0.000000 0.000000 6.500000 r 0.000000 0.000000 0.000000 1.000000
7 0.000000 0.000000 7.500000 r 0.000000 0.000000 0.000000 1.000000
8 0.000000 0.000000 8.500000 r 0.000000 0.000000 0.000000 1.000000
9 0.000000 0.000000 9.500000 r 0.000000 0.000000 0.000000 1.000000
10 6.239986 -0.000021 0.500000 r -0.000000 0.000000 0.000059 1.000000
Step 60
0 -0.000000 0.000000 0.500000 r 0.000000 0.000000 0.000000 1.000000
1 0.000000 0.000000 1.500000 r 0.000000 0.000000 0.000000 1.000000
2 0.000000 0.000000 2.500000 r 0.000000 0.000000 0.000000 1.000000
3 0.000000 0.000000 3.500000 r 0.000000 0.000000 0.000000 1.000000
4 0.000000 0.000000 4.500000 r 0.000000 0.000000 0.000000 1.000000
5 0.000000 0.000000 5.500000 r 0.000000 0.000000 0.000000 1.000000
6 0.000000 0.000000 6.500000 r 0.000000 0.000000 0.000000 1.000000
7 0.000000 0.000000 7.500000 r 0.000000 0.000000 0.000000 1.000000
8 0.000000 0.000000 8.500000 r 0.000000 0.000000 0.000000 1.000000
9 0.000000 0.000000 9.500000 r 0.000000 0.000000 0.000000 1.000000
10 6.239986 -0.000021 0.500000 r -0.000000 0.000000 0.000059 1.000000
Step 61
0 -0.000000 0.000000 0.500000 r 0.000000 0.000000 0.000000 1.000000
1 0.000000 0.000000 1.500000 r 0.000000 0.000000 0.000000 1.000000
2 0.000000 0.000000 2.500000 r 0.000000 0.000000 0.000000 1.000000
3 0.000000 0.000000 3.500000 r 0.000000 0.000000 0.000000 1.000000
4 0.000000 0.000000 4.500000 r 0.000000 0.000000 0.000000 1.000000
5 0.000000 0.000000 5.500000 r 0.000000 0.000000 0.000000 1.000000
6 0.000000 0.000000 6.500000 r 0.000000 0.000000 0.000000 1.000000
7 0.000000 0.000000 7.500000 r 0.000000 0.000000 0.000000 1.000000
8 0.000000 0.000000 8.500000 r 0.000000 0.000000 0.000000 1.000000
9 0.000000 0.000000 9.500000 r 0.000000 0.000000 0.000000 1.000000
10 6.239986 -0.000021 0.500000 r -0.000000 0.000000 0.000059 1.000000
Step 62
0 -0.000000 0.000000 0.500000 r 0.000000 0.000000 0.000000 1.000000
1 0.000000 0.000000 1.500000 r 0.000000 0.000000 0.000000 1.000000
2 0.000000 0.000000 2.500000 r 0.000000 0.000000 0.000000 1.000000
3 0.000000 0.000000 3.500000 r 0.000000 0.000000 0.000000 1.000000
4 0.000000 0.000000 4.500000 r 0.000000 0.000000 0.000000 1.000000
5 0.000000 0.000000 5.500000 r 0.000000 0.000000 0.000000 1.000000
6 0.000000 0.000000 6.500000 r 0.000000 0.000000 0.000000 1.000000
7 0.000000 0.000000 7.500000 r 0.000000 0.000000 0.000000 1.000000
8 0.000000 0.000000 8.500000 r 0.000000 0.000000 0.000000 1.000000
9 0.000000 0.000000 9.500000 r 0.000000 0.000000 0.000000 1.000000
10 6.239986 -0.000021 0.500000 r -0.000000 0.000000 0.000059 1.000000
Step 63
0 -0.000000 0.000000 0.500000 r 0.000000 0.000000 0.000000 1.000000
1 0.000000 0.000000 1.500000 r 0.000000 0.000000 0.000000 1.000000
2 0.000000 0.000000 2.500000 r 0.000000 0.000000 0.000000 1.000000
3 0.000000 0.000000 3.500000 r 0.000000 0.000000 0.000000 1.000000
4 0.000000 0.000000 4.500000 r 0.000000 0.000000 0.000000 1.000000
5 0.000000 0.000000 5.500000 r 0.000000 0.000000 0.000000 1.000000
6 0.000000 0.000000 6.500000 r 0.000000 0.000000 0.000000 1.000000
7 0.000000 0.000000 7.500000 r 0.000000 0.000000 0.000000 1.000000
8 0.000000 0.000000 8.500000 r 0.000000 0.000000 0.000000 1.000000
9 0.000000 0.000000 9.500000 r 0.000000 0.000000 0.000000 1.000000
10 6.239986 -0.000021 0.500000 r -0.000000 0.000000 0.000059 1.000000
Step 64
0 -0.000000 0.000000 0.500000 r 0.000000 0.000000 0.000000 1.000000
1 0.000000 0.000000 1.500000 r 0.000000 0.000000 0.000000 1.000000
2 0.000000 0.000000 2.500000 r 0.000000 0.000000 0.000000 1.000000
3 0.000000 0.000000 3.500000 r 0.000000 0.000000 0.000000 1.000000
4 0.000000 0.000000 4.500000 r 0.000000 0.000000 0.000000 1.000000
5 0.000000 0.000000 5.500000 r 0.000000 0.000000 0.000000 1.000000
6 0.000000 0.000000 6.500000 r 0.000000 0.000000 0.000000 1.000000
7 0.000000 0.000000 7.500000 r 0.000000 0.000000 0.000000 1.000000
8 0.000000 0.000000 8.500000 r 0.000000 0.000000 0.000000 1.000000
9 0.000000 0.000000 9.500000 r 0.000000 0.000000 0.000000 1.000000
10 6.239986 -0.000021 0.500000 r -0.000000 0.000000 0.000059 1.000000
Step 65
0 -0.000000 0.000000 0.500000 r 0.000000 0.000000 0.000000 1.000000
1 0.000000 0.000000 1.500000 r 0.000000 0.000000 0.000000 1.000000
2 0.000000 0.000000 2.500000 r 0.000000 0.000000 0.000000 1.000000
3 0.000000 0.000000 3.500000 r 0.000000 0.000000 0.000000 1.000000
4 0.000000 0.000000 4.500000 r 0.000000 0.000000 0.000000 1.000000
5 0.000000 0.000000 5.500000 r 0.000000 0.000000 0.000000 1.000000
6 0.000000 0.000000 6.500000 r 0.000000 0.000000 0.000000 1.000000
7 0.000000 0.000000 7.500000 r 0.000000 0.000000 0.000000 1.000000
8 0.000000 0.000000 8.500000 r 0.000000 0.000000 0.000000 1.000000
9 0.000000 0.000000 9.500000 r 0.000000 0.000000 0.000000 1.000000
10 6.239986 -0.000021 0.500000 r -0.000000 0.000000 0.000059 1.000000
Step 66
0 -0.000000 0.000000 0.500000 r 0.000000 0.000000 0.000000 1.000000
1 0.000000 0.000000 1.500000 r 0.000000 0.000000 0.000000 1.000000
2 0.000000 0.000000 2.500000 r 0.000000 0.000000 0.000000 1.000000
3 0.000000 0.000000 3.500000 r 0.000000 0.000000 0.000000 1.000000
4 0.000000 0.000000 4.500000 r 0.000000 0.000000 0.000000 1.000000
5 0.000000 0.000000 5.500000 r 0.000000 0.000000 0.000000 1.000000
6 0.000000 0.000000 6.500000 r 0.000000 0.000000 0.000000 1.000000
7 0.000000 0.000000 7.500000 r 0.000000 0.000000 0.000000 1.000000
8 0.000000 0.000000 8.500000 r 0.000000 0.000000 0.000000 1.000000
9 0.000000 0.000000 9.500000 r 0.000000 0.000000 0.000000 1.000000
10 6.239986 -0.000021 0.500000 r -0.000000 0.000000 0.000059 1.000000
Step 67
0 -0.000000 0.000000 0.500000 r 0.000000 0.000000 0.000000 1.000000
1 0.000000 0.000000 1.500000 r 0.000000 0.000000 0.000000 1.000000
2 0.000000 0.000000 2.500000 r 0.000000 0.000000 0.000000 1.000000
3 0.000000 0.000000 3.500000 r 0.000000 0.000000 0.000000 1.000000
4 0.000000 0.000000 4.500000 r 0.000000 0.000000 0.000000 1.000000
5 0.000000 0.000000 5.500000 r 0.000000 0.000000 0.000000 1.000000
6 0.000000 0.000000 6.500000 r 0.000000 0.000000 0.000000 1.000000
7 0.000000 0.000000 7.500000 r 0.000000 0.000000 0.000000 1.000000
8 0.000000 0.000000 8.500000 r 0.000000 0.000000 0.000000 1.000000
9 0.000000 0.000000 9.500000 r 0.000000 0.000000 0.000000 1.000000
10 6.239986 -0.000021 0.500000 r -0.000000 0.000000 0.000059 1.000000
Step 68
0 -0.000000 0.000000 0.500000 r 0.000000 0.000000 0.000000 1.000000
1 0.000000 0.000000 1.500000 r 0.000000 0.000000 0.000000 1.000000
2 0.000000 0.000000 2.500000 r 0.000000 0.000000 0.000000 1.000000
3 0.000000 0.000000 3.500000 r 0.000000 0.000000 0.000000 1.000000
4 0.000000 0.000000 4.500000 r 0.000000 0.000000 0.000000 1.000000
5 0.000000 0.000000 5.500000 r 0.000000 0.000000 0.000000 1.000000
6 0.000000 0.000000 6.500000 r 0.000000 0.000000 0.000000 1.000000
7 0.000000 0.000000 7.500000 r 0.000000 0.000000 0.000000 1.000000
8 0.000000 0.000000 8.500000 r 0.000000 0.000000 0.000000 1.000000
9 0.000000 0.000000 9.500000 r 0.000000 0.000000 0.000000 1.000000
10 6.239986 -0.000021 0.500000 r -0.000000 0.000000 0.000059 1.000000
Step 69
0 -0.000000 0.000000 0.500000 r 0.000000 0.000000 0.000000 1.000000
1 0.000000 0.000000 1.500000 r 0.000000 0.000000 0.000000 1.000000
2 0.000000 0.000000 2.500000 r 0.000000 0.000000 0.000000 1.000000
3 0.000000 0.000000 3.500000 r 0.000000 0.000000 0.000000 1.000000
4 0.000000 0.000000 4.500000 r 0.000000 0.000000 0.000000 1.000000
5 0.000000 0.000000 5.500000 r 0.000000 0.000000 0.000000 1.000000
6 0.000000 0.000000 6.500000 r 0.000000 0.000000 0.000000 1.000000
7 0.000000 0.000000 7.500000 r 0.000000 0.000000 0.000000 1.000000
8 0.000000 0.000000 8.500000 r 0.000000 0.000000 0.000000 1.000000
9 0.000000 0.000000 9.500000 r 0.000000 0.000000 0.000000 1.000000
10 6.239986 -0.000021 0.500000 r -0.000000 0.000000 0.000059 1.000000
Step 70
0 -0.000000 0.000000 0.500000 r 0.000000 0.000000 0.000000 1.000000
1 0.000000 0.000000 1.500000 r 0.000000 0.000000 0.000000 1.000000
2 0.000000 0.000000 2.500000 r 0.000000 0.000000 0.000000 1.000000
3 0.000000 0.000000 3.500000 r 0.000000 0.000000 0.000000 1.000000
4 0.000000 0.000000 4.500000 r 0.000000 0.000000 0.000000 1.000000
5 0.000000 0.000000 5.500000 r 0.000000 0.000000 0.000000 1.000000
6 0.000000 0.000000 6.500000 r 0.000000 0.000000 0.000000 1.000000
7 0.000000 0.000000 7.500000 r 0.000000 0.000000 0.000000 1.000000
8 0.000000 0.000000 8.500000 r 0.000000 0.000000 0.000000 1.000000
9 0.000000 0.000000 9.500000 r 0.000000 0.000000 0.000000 1.000000
10 6.239986 -0.000021 0.500000 r -0.000000 0.000000 0.000059 1.000000
Step 71
0 -0.000000 0.000000 0.500000 r 0.000000 0.000000 0.000000 1.000000
1 0.000000 0.000000 1.500000 r 0.000000 0.000000 0.000000 1.000000
2 0.000000 0.000000 2.500000 r 0.000000 0.000000 0.000000 1.000000
3 0.000000 0.000000 3.500000 r 0.000000 0.000000 0.000000 1.000000
4 0.000000 0.000000 4.500000 r 0.000000 0.000000 0.000000 1.000000
5 0.000000 0.000000 5.500000 r 0.000000 0.000000 0.000000 1.000000
6 0.000000 0.000000 6.500000 r 0.000000 0.000000 0.000000 1.000000
7 0.000000 0.000000 7.500000 r 0.000000 0.000000 0.000000 1.000000
8 0.000000 0.000000 8.500000 r 0.000000 0.000000 0.000000 1.000000
9 0.000000 0.000000 9.500000 r 0.000000 0.000000 0.000000 1.000000
10 6.239986 -0.000021 0.500000 r -0.000000 0.000000 0.000059 1.000000
Step 72
0 -0.000000 0.000000 0.500000 r 0.000000 0.000000 0.000000 1.000000
1 0.000000 0.000000 1.500000 r 0.000000 0.000000 0.000000 1.000000
2 0.000000 0.000000 2.500000 r 0.000000 0.000000 0.000000 1.000000
3 0.000000 0.000000 3.500000 r 0.000000 0.000000 0.000000 1.000000
4 0.000000 0.000000 4.500000 r 0.000000 0.000000 0.000000 1.000000
5 0.000000 0.000000 5.500000 r 0.000000 0.000000 0.000000 1.000000
6 0.000000 0.000000 6.500000 r 0.000000 0.000000 0.000000 1.000000
7 0.000000 0.000000 7.500000 r 0.000000 0.000000 0.000000 1.000000
8 0.000000 0.000000 8.500000 r 0.000000 0.000000 0.000000 1.000000
9 0.000000 0.000000 9.500000 r 0.000000 0.000000 0.000000 1.000000
10 6.239986 -0.000021 0.500000 r -0.000000 0.000000 0.000059 1.000000
Step 73
0 -0.000000 0.000000 0.500000 r 0.000000 0.000000 0.000000 1.000000
1 0.000000 0.000000 1.500000 r 0.000000 0.000000 0.000000 1.000000
2 0.000000 0.000000 2.500000 r 0.000000 0.000000 0.000000 1.000000
3 0.000000 0.000000 3.500000 r 0.000000 0.000000 0.000000 1.000000
4 0.000000 0.000000 4.500000 r 0.000000 0.000000 0.000000 1.000000
5 0.000000 0.000000 5.500000 r 0.000000 0.000000 0.000000 1.000000
6 0.000000 0.000000 6.500000 r 0.000000 0.000000 0.000000 1.000000
7 0.000000 0.000000 7.500000 r 0.000000 0.000000 0.000000 1.000000
8 0.000000 0.000000 8.500000 r 0.000000 0.000000 0.000000 1.000000
9 0.000000 0.000000 9.500000 r 0.000000 0.000000 0.000000 1.000000
10 6.239986 -0.000021 0.500000 r -0.000000 0.000000 0.000059 1.000000
Step 74
0 -0.000000 0.000000 0.500000 r 0.000000 0.000000 0.000000 1.000000
1 0.000000 0.000000 1.500000 r 0.000000 0.000000 0.000000 1.000000
2 0.000000 0.000000 2.500000 r 0.000000 0.000000 0.000000 1.000000
3 0.000000 0.000000 3.500000 r 0.000000 0.000000 0.000000 1.000000
4 0.000000 0.000000 4.500000 r 0.000000 0.000000 0.000000 1.000000
5 0.000000 0.000000 5.500000 r 0.000000 0.000000 0.000000 1.000000
6 0.000000 0.000000 6.500000 r 0.000000 0.000000 0.000000 1.000000
7 0.000000 0.000000 7.500000 r 0.000000 0.000000 0.000000 1.000000
8 0.000000 0.000000 8.500000 r 0.000000 0.000000 0.000000 1.000000
9 0.000000 0.000000 9.500000 r 0.000000 0.000000 0.000000 1.000000
10 6.239986 -0.000021 0.500000 r -0.000000 0.000000 0.000059 1.000000
Step 75
0 -0.000000 0.000000 0.500000 r 0.000000 0.000000 0.000000 1.000000
1 0.000000 0.000000 1.500000 r 0.000000 0.000000 0.000000 1.000000
2 0.000000 0.000000 2.500000 r 0.000000 0.000000 0.000000 1.000000
3 0.000000 0.000000 3.500000 r 0.000000 0.000000 0.000000 1.000000
4 0.000000 0.000000 4.500000 r 0.000000 0.000000 0.000000 1.000000
5 0.000000 0.000000 5.500000 r 0.000000 0.000000 0.000000 1.000000
6 0.000000 0.000000 6.500000 r 0.000000 0.000000 0.000000 1.000000
7 0.000000 0.000000 7.500000 r 0.000000 0.000000 0.000000 1.000000
8 0.000000 0.000000 8.500000 r 0.000000 0.000000 0.000000 1.000000
9 0.000000 0.000000 9.500000 r 0.000000 0.000000 0.000000 1.000000
10 6.239986 -0.000021 0.500000 r -0.000000 0.000000 0.000059 1.000000
Step 76
0 -0.000000 0.000000 0.500000 r 0.000000 0.000000 0.000000 1.000000
1 0.000000 0.000000 1.500000 r 0.000000 0.000000 0.000000 1.000000
2 0.000000 0.000000 2.500000 r 0.000000 0.000000 0.000000 1.000000
3 0.000000 0.000000 3.500000 r 0.000000 0.000000 0.000000 1.000000
4 0.000000 0.000000 4.500000 r 0.000000 0.000000 0.000000 1.000000
5 0.000000 0.000000 5.500000 r 0.000000 0.000000 0.000000 1.000000
6 0.000000 0.000000 6.500000 r 0.000000 0.000000 0.000000 1.000000
7 0.000000 0.000000 7.500000 r 0.000000 0.000000 0.000000 1.000000
8 0.000000 0.000000 8.500000 r 0.000000 0.000000 0.000000 1.000000
9 0.000000 0.000000 9.500000 r 0.000000 0.000000 0.000000 1.000000
10 6.239986 -0.000021 0.500000 r -0.000000 0.000000 0.000059 1.000000
Step 77
0 -0.000000 0.000000 0.500000 r 0.000000 0.000000 0.000000 1.000000
1 0.000000 0.000000 1.500000 r 0.000000 0.000000 0.000000 1.000000
2 0.000000 0.000000 2.500000 r 0.000000 0.000000 0.000000 1.000000
3 0.000000 0.000000 3.500000 r 0.000000 0.000000 0.000000 1.000000
4 0.000000 0.000000 4.500000 r 0.000000 0.000000 0.000000 1.000000
5 0.000000 0.000000 5.500000 r 0.000000 0.000000 0.000000 1.000000
6 0.000000 0.000000 6.500000 r 0.000000 0.000000 0.000000 1.000000
7 0.000000 0.000000 7.500000 r 0.000000 0.000000 0.000000 1.000000
8 0.000000 0.000000 8.500000 r 0.000000 0.000000 0.000000 1.000000
9 0.000000 0.000000 9.500000 r 0.000000 0.000000 0.000000 1.000000
10 6.239986 -0.000021 0.500000 r -0.000000 0.000000 0.000059 1.000000
Step 78
0 -0.000000 0.000000 0.500000 r 0.000000 0.000000 0.000000 1.000000
1 0.000000 0.000000 1.500000 r 0.000000 0.000000 0.000000 1.000000
2 0.000000 0.000000 2.500000 r 0.000000 0.000000 0.000000 1.000000
3 0.000000 0.000000 3.500000 r 0.000000 0.000000 0.000000 1.000000
4 0.000000 0.000000 4.500000 r 0.000000 0.000000 0.000000 1.000000
5 0.000000 0.000000 5.500000 r 0.000000 0.000000 0.000000 1.000000
6 0.000000 0.000000 6.500000 r 0.000000 0.000000 0.000000 1.000000
7 0.000000 0.000000 7.500000 r 0.000000 0.000000 0.000000 1.000000
8 0.000000 0.000000 8.500000 r 0.000000 0.000000 0.000000 1.000000
9 0.000000 0.000000 9.500000 r 0.000000 0.000000 0.000000 1.000000
10 6.239986 -0.000021 0.500000 r -0.000000 0.000000 0.000059 1.000000
Step 79
0 -0.000000 0.000000 0.500000 r 0.000000 0.000000 0.000000 1.000000
1 0.000000 0.000000 1.500000 r 0.000000 0.000000 0.000000 1.000000
2 0.000000 0.000000 2.500000 r 0.000000 0.000000 0.000000 1.000000
3 0.000000 0.000000 3.500000 r 0.000000 0.000000 0.000000 1.000000
4 0.000000 0.000000 4.500000 r 0.000000 0.000000 0.000000 1.000000
5 0.000000 0.000000 5.500000 r 0.000000 0.000000 0.000000 1.000000
6 0.000000 0.000000 6.500000 r 0.000000 0.000000 0.000000 1.000000
7 0.000000 0.000000 7.500000 r 0.000000 0.000000 0.000000 1.000000
8 0.000000 0.000000 8.500000 r 0.000000 0.000000 0.000000 1.000000
9 0.000000 0.000000 9.500000 r 0.000000 0.000000 0.000000 1.000000
10 6.239986 -0.000021 0.500000 r -0.000000 0.000000 0.000059 1.000000
Step 80
0 -0.000000 0.000000 0.500000 r 0.000000 0.000000 0.000000 1.000000
1 0.000000 0.000000 1.500000 r 0.000000 0.000000 0.000000 1.000000
2 0.000000 0.000000 2.500000 r 0.000000 0.000000 0.000000 1.000000
3 0.000000 0.000000 3.500000 r 0.000000 0.000000 0.000000 1.000000
4 0.000000 0.000000 4.500000 r 0.000000 0.000000 0.000000 1.000000
5 0.000000 0.000000 5.500000 r 0.000000 0.000000 0.000000 1.000000
6 0.000000 0.000000 6.500000 r 0.000000 0.000000 0.000000 1.000000
7 0.000000 0.000000 7.500000 r 0.000000 0.000000 0.000000 1.000000
8 0.000000 0.000000 8.500000 r 0.000000 0.000000 0.000000 1.000000
9 0.000000 0.000000 9.500000 r 0.000000 0.000000 0.000000 1.000000
10 6.239986 -0.000021 0.500000 r -0.000000 0.000000 0.000059 1.000000
Step 81
0 -0.000000 0.000000 0.500000 r 0.000000 0.000000 0.000000 1.000000
1 0.000000 0.000000 1.500000 r 0.000000 0.000000 0.000000 1.000000
2 0.000000 0.000000 2.500000 r 0.000000 0.000000 0.000000 1.000000
3 0.000000 0.000000 3.500000 r 0.000000 0.000000 0.000000 1.000000
4 0.000000 0.000000 4.500000 r 0.000000 0.000000 0.000000 1.000000
5 0.000000 0.000000 5.500000 r 0.000000 0.000000 0.000000 1.000000
6 0.000000 0.000000 6.500000 r 0.000000 0.000000 0.000000 1.000000
7 0.000000 0.000000 7.500000 r 0.000000 0.000000 0.000000 1.000000
8 0.000000 0.000000 8.500000 r 0.000000 0.000000 0.000000 1.000000
9 0.000000 0.000000 9.500000 r 0.000000 0.000000 0.000000 1.000000
10 6.239986 -0.000021 0.500000 r -0.000000 0.000000 0.000059 1.000000
Step 82
0 -0.000000 0.000000 0.500000 r 0.000000 0.000000 0.000000 1.000000
1 0.000000 0.000000 1.500000 r 0.000000 0.000000 0.000000 1.000000
2 0.000000 0.000000 2.500000 r 0.000000 0.000000 0.000000 1.000000
3 0.000000 0.000000 3.500000 r 0.000000 0.000000 0.000000 1.000000
4 0.000000 0.000000 4.500000 r 0.000000 0.000000 0.000000 1.000000
5 0.000000 0.000000 5.500000 r 0.000000 0.000000 0.000000 1.000000
6 0.000000 0.000000 6.500000 r 0.000000 0.000000 0.000000 1.000000
7 0.000000 0.000000 7.500000 r 0.000000 0.000000 0.000000 1.000000
8 0.000000 0.000000 8.500000 r 0.000000 0.000000 0.000000 1.000000
9 0.000000 0.000000 9.500000 r 0.000000 0.000000 0.000000 1.000000
10 6.239986 -0.000021 0.500000 r -0.000000 0.000000 0.000059 1.000000
Step 83
0 -0.000000 0.000000 0.500000 r 0.000000 0.000000 0.000000 1.000000
1 0.000000 0.000000 1.500000 r 0.000000 0.000000 0.000000 1.000000
2 0.000000 0.000000 2.500000 r 0.000000 0.000000 0.000000 1.000000
3 0.000000 0.000000 3.500000 r 0.000000 0.000000 0.000000 1.000000
4 0.000000 0.000000 4.500000 r 0.000000 0.000000 0.000000 1.000000
5 0.000000 0.000000 5.500000 r 0.000000 0.000000 0.000000 1.000000
6 0.000000 0.000000 6.500000 r 0.000000 0.000000 0.000000 1.000000
7 0.000000 0.000000 7.500000 r 0.000000 0.000000 0.000000 1.000000
8 0.000000 0.000000 8.500000 r 0.000000 0.000000 0.000000 1.000000
9 0.000000 0.000000 9.500000 r 0.000000 0.000000 0.000000 1.000000
10 6.239986 -0.000021 0.500000 r -0.000000 0.000000 0.000059 1.000000
Step 84
0 -0.000000 0.000000 0.500000 r 0.000000 0.000000 0.000000 1.000000
1 0.000000 0.000000 1.500000 r 0.000000 0.000000 0.000000 1.000000
2 0.000000 0.000000 2.500000 r 0.000000 0.000000 0.000000 1.000000
3 0.000000 0.000000 3.500000 r 0.000000 0.000000 0.000000 1.000000
4 0.000000 0.000000 4.500000 r 0.000000 0.000000 0.000000 1.000000
5 0.000000 0.000000 5.500000 r 0.000000 0.000000 0.000000 1.000000
6 0.000000 0.000000 6.500000 r 0.000000 0.000000 0.000000 1.000000
7 0.000000 0.000000 7.500000 r 0.000000 0.000000 0.000000 1.000000
8 0.000000 0.000000 8.500000 r 0.000000 0.000000 0.000000 1.000000
9 0.000000 0.000000 9.500000 r 0.000000 0.000000 0.000000 1.000000
10 6.239986 -0.000021 0.500000 r -0.000000 0.000000 0.000059 1.000000
Step 85
0 -0.000000 0.000000 0.500000 r 0.000000 0.000000 0.000000 1.000000
1 0.000000 0.000000 1.500000 r 0.000000 0.000000 0.000000 1.000000
2 0.000000 0.000000 2.500000 r 0.000000 0.000000 0.000000 1.000000
3 0.000000 0.000000 3.500000 r 0.000000 0.000000 0.000000 1.000000
4 0.000000 0.000000 4.500000 r 0.000000 0.000000 0.000000 1.000000
5 0.000000 0.000000 5.500000 r 0.000000 0.000000 0.000000 1.000000
6 0.000000 0.000000 6.500000 r 0.000000 0.000000 0.000000 1.000000
7 0.000000 0.000000 7.500000 r 0.000000 0.000000 0.000000 1.000000
8 0.000000 0.000000 8.500000 r 0.000000 0.000000 0.000000 1.000000
9 0.000000 0.000000 9.500000 r 0.000000 0.000000 0.000000 1.000000
10 6.239986 -0.000021 0.500000 r -0.000000 0.000000 0.000059 1.000000
Step 86
0 -0.000000 0.000000 0.500000 r 0.000000 0.000000 0.000000 1.000000
1 0.000000 0.000000 1.500000 r 0.000000 0.000000 0.000000 1.000000
2 0.000000 0.000000 2.500000 r 0.000000 0.000000 0.000000 1.000000
3 0.000000 0.000000 3.500000 r 0.000000 0.000000 0.000000 1.000000
4 0.000000 0.000000 4.500000 r 0.000000 0.000000 0.000000 1.000000
5 0.000000 0.000000 5.500000 r 0.000000 0.000000 0.000000 1.000000
6 0.000000 0.000000 6.500000 r 0.000000 0.000000 0.000000 1.000000
7 0.000000 0.000000 7.500000 r 0.000000 0.000000 0.000000 1.000000
8 0.000000 0.000000 8.500000 r 0.000000 0.000000 0.000000 1.000000
9 0.000000 0.000000 9.500000 r 0.000000 0.000000 0.000000 1.000000
10 6.239986 -0.000021 0.500000 r -0.000000 0.000000 0.000059 1.000000
Step 87
0 -0.000000 0.000000 0.500000 r 0.000000 0.000000 0.000000 1.000000
1 0.000000 0.000000 1.500000 r 0.000000 0.000000 0.000000 1.000000
2 0.000000 0.000000 2.500000 r 0.000000 0.000000 0.000000 1.000000
3 0.000000 0.000000 3.500000 r 0.000000 0.000000 0.000000 1.000000
4 0.000000 0.000000 4.500000 r 0.000000 0.000000 0.000000 1.000000
5 0.000000 0.000000 5.500000 r 0.000000 0.000000 0.000000 1.000000
6 0.000000 0.000000 6.500000 r 0.000000 0.000000 0.000000 1.000000
7 0.000000 0.000000 7.500000 r 0.000000 0.000000 0.000000 1.000000
8 0.000000 0.000000 8.500000 r 0.000000 0.000000 0.000000 1.000000
9 0.000000 0.000000 9.500000 r 0.000000 0.000000 0.000000 1.000000
10 6.239986 -0.000021 0.500000 r -0.000000 0.000000 0.000059 1.000000
Step 88
0 -0.000000 0.000000 0.500000 r 0.000000 0.000000 0.000000 1.000000
1 0.000000 0.000000 1.500000 r 0.000000 0.000000 0.000000 1.000000
2 0.000000 0.000000 2.500000 r 0.000000 0.000000 0.000000 1.000000
3 0.000000 0.000000 3.500000 r 0.000000 0.000000 0.000000 1.000000
4 0.000000 0.000000 4.500000 r 0.000000 0.000000 0.000000 1.000000
5 0.000000 0.000000 5.500000 r 0.000000 0.000000 0.000000 1.000000
6 0.000000 0.000000 6.500000 r 0.000000 0.000000 0.000000 1.000000
7 0.000000 0.000000 7.500000 r 0.000000 0.000000 0.000000 1.000000
8 0.000000 0.000000 8.500000 r 0.000000 0.000000 0.000000 1.000000
9 0.000000 0.000000 9.500000 r 0.000000 0.000000 0.000000 1.000000
10 6.239986 -0.000021 0.500000 r -0.000000 0.000000 0.000059 1.000000
Step 89
0 -0.000000 0.000000 0.500000 r 0.000000 0.000000 0.000000 1.000000
1 0.000000 0.000000 1.500000 r 0.000000 0.000000 0.000000 1.000000
2 0.000000 0.000000 2.500000 r 0.000000 0.000000 0.000000 1.000000
3 0.000000 0.000000 3.500000 r 0.000000 0.000000 0.000000 1.000000
4 0.000000 0.000000 4.500000 r 0.000000 0.000000 0.000000 1.000000
5 0.000000 0.000000 5.500000 r 0.000000 0.000000 0.000000 1.000000
6 0.000000 0.000000 6.500000 r 0.000000 0.000000 0.000000 1.000000
7 0.000000 0.000000 7.500000 r 0.000000 0.000000 0.000000 1.000000
8 0.000000 0.000000 8.500000 r 0.000000 0.000000 0.000000 1.000000
9 0.000000 0.000000 9.500000 r 0.000000 0.000000 0.000000 1.000000
10 6.239986 -0.000021 0.500000 r -0.000000 0.000000 0.000059 1.000000
Step 90
0 -0.000000 0.000000 0.500000 r 0.000000 0.000000 0.000000 1.000000
1 0.000000 0.000000 1.500000 r 0.000000 0.000000 0.000000 1.000000
2 0.000000 0.000000 2.500000 r 0.000000 0.000000 0.000000 1.000000
3 0.000000 0.000000 3.500000 r 0.000000 0.000000 0.000000 1.000000
4 0.000000 0.000000 4.500000 r 0.000000 0.000000 0.000000 1.000000
5 0.000000 0.000000 5.500000 r 0.000000 0.000000 0.000000 1.000000
6 0.000000 0.000000 6.500000 r 0.000000 0.000000 0.000000 1.000000
7 0.000000 0.000000 7.500000 r 0.000000 0.000000 0.000000 1.000000
8 0.000000 0.000000 8.500000 r 0.000000 0.000000 0.000000 1.000000
9 0.000000 0.000000 9.500000 r 0.000000 0.000000 0.000000 1.000000
10 6.239986 -0.000021 0.500000 r -0.000000 0.000000 0.000059 1.000000
Step 91
0 -0.000000 0.000000 0.500000 r 0.000000 0.000000 0.000000 1.000000
1 0.000000 0.000000 1.500000 r 0.000000 0.000000 0.000000 1.000000
2 0.000000 0.000000 2.500000 r 0.000000 0.000000 0.000000 1.000000
3 0.000000 0.000000 3.500000 r 0.000000 0.000000 0.000000 1.000000
4 0.000000 0.000000 4.500000 r 0.000000 0.000000 0.000000 1.000000
5 0.000000 0.000000 5.500000 r 0.000000 0.000000 0.000000 1.000000
6 0.000000 0.000000 6.500000 r 0.000000 0.000000 0.000000 1.000000
7 0.000000 0.000000 7.500000 r 0.000000 0.000000 0.000000 1.000000
8 0.000000 0.000000 8.500000 r 0.000000 0.000000 0.000000 1.000000
9 0.000000 0.000000 9.500000 r 0.000000 0.000000 0.000000 1.000000
10 6.239986 -0.000021 0.500000 r -0.000000 0.000000 0.000059 1.000000
Step 92
0 -0.000000 0.000000 0.500000 r 0.000000 0.000000 0.000000 1.000000
1 0.000000 0.000000 1.500000 r 0.000000 0.000000 0.000000 1.000000
2 0.000000 0.000000 2.500000 r 0.000000 0.000000 0.000000 1.000000
3 0.000000 0.000000 3.500000 r 0.000000 0.000000 0.000000 1.000000
4 0.000000 0.000000 4.500000 r 0.000000 0.000000 0.000000 1.000000
5 0.000000 0.000000 5.500000 r 0.000000 0.000000 0.000000 1.000000
6 0.000000 0.000000 6.500000 r 0.000000 0.000000 0.000000 1.000000
7 0.000000 0.000000 7.500000 r 0.000000 0.000000 0.000000 1.000000
8 0.000000 0.000000 8.500000 r 0.000000 0.000000 0.000000 1.000000
9 0.000000 0.000000 9.500000 r 0.000000 0.000000 0.000000 1.000000
10 6.239986 -0.000021 0.500000 r -0.000000 0.000000 0.000059 1.000000
Step 93
0 -0.000000 0.000000 0.500000 r 0.000000 0.000000 0.000000 1.000000
1 0.000000 0.000000 1.500000 r 0.000000 0.000000 0.000000 1.000000
2 0.000000 0.000000 2.500000 r 0.000000 0.000000 0.000000 1.000000
3 0.000000 0.000000 3.500000 r 0.000000 0.000000 0.000000 1.000000
4 0.000000 0.000000 4.500000 r 0.000000 0.000000 0.000000 1.000000
5 0.000000 0.000000 5.500000 r 0.000000 0.000000 0.000000 1.000000
6 0.000000 0.000000 6.500000 r 0.000000 0.000000 0.000000 1.000000
7 0.000000 0.000000 7.500000 r 0.000000 0.000000 0.000000 1.000000
8 0.000000 0.000000 8.500000 r 0.000000 0.000000 0.000000 1.000000
9 0.000000 0.000000 9.500000 r 0.000000 0.000000 0.000000 1.000000
10 6.239986 -0.000021 0.500000 r -0.000000 0.000000 0.000059 1.000000
Step 94
0 -0.000000 0.000000 0.500000 r 0.000000 0.000000 0.000000 1.000000
1 0.000000 0.000000 1.500000 r 0.000000 0.000000 0.000000 1.000000
2 0.000000 0.000000 2.500000 r 0.000000 0.000000 0.000000 1.000000
3 0.000000 0.000000 3.500000 r 0.000000 0.000000 0.000000 1.000000
4 0.000000 0.000000 4.500000 r 0.000000 0.000000 0.000000 1.000000
5 0.000000 0.000000 5.500000 r 0.000000 0.000000 0.000000 1.000000
6 0.000000 0.000000 6.500000 r 0.000000 0.000000 0.000000 1.000000
7 0.000000 0.000000 7.500000 r 0.000000 0.000000 0.000000 1.000000
8 0.000000 0.000000 8.500000 r 0.000000 0.000000 0.000000 1.000000
9 0.000000 0.000000 9.500000 r 0.000000 0.000000 0.000000 1.000000
10 6.239986 -0.000021 0.500000 r -0.000000 0.000000 0.000059 1.000000
Step 95
0 -0.000000 0.000000 0.500000 r 0.000000 0.000000 0.000000 1.000000
1 0.000000 0.000000 1.500000 r 0.000000 0.000000 0.000000 1.000000
2 0.000000 0.000000 2.500000 r 0.000000 0.000000 0.000000 1.000000
3 0.000000 0.000000 3.500000 r 0.000000 0.000000 0.000000 1.000000
4 0.000000 0.000000 4.500000 r 0.000000 0.000000 0.000000 1.000000
5 0.000000 0.000000 5.500000 r 0.000000 0.000000 0.000000 1.000000
6 0.000000 0.000000 6.500000 r 0.000000 0.000000 0.000000 1.000000
7 0.000000 0.000000 7.500000 r 0.000000 0.000000 0.000000 1.000000
8 0.000000 0.000000 8.500000 r 0.000000 0.000000 0.000000 1.000000
9 0.000000 0.000000 9.500000 r 0.000000 0.000000 0.000000 1.000000
10 6.239986 -0.000021 0.500000 r -0.000000 0.000000 0.000059 1.000000
Step 96
0 -0.000000 0.000000 0.500000 r 0.000000 0.000000 0.000000 1.000000
1 0.000000 0.000000 1.500000 r 0.000000 0.000000 0.000000 1.000000
2 0.000000 0.000000 2.500000 r 0.000000 0.000000 0.000000 1.000000
3 0.000000 0.000000 3.500000 r 0.000000 0.000000 0.000000 1.000000
4 0.000000 0.000000 4.500000 r 0.000000 0.000000 0.000000 1.000000
5 0.000000 0.000000 5.500000 r 0.000000 0.000000 0.000000 1.000000
6 0.000000 0.000000 6.500000 r 0.000000 0.000000 0.000000 1.000000
7 0.000000 0.000000 7.500000 r 0.000000 0.000000 0.000000 1.000000
8 0.000000 0.000000 8.500000 r 0.000000 0.000000 0.000000 1.000000
9 0.000000 0.000000 9.500000 r 0.000000 0.000000 0.000000 1.000000
10 6.239986 -0.000021 0.500000 r -0.000000 0.000000 0.000059 1.000000
Step 97
0 -0.000000 0.000000 0.500000 r 0.000000 0.000000 0.000000 1.000000
1 0.000000 0.000000 1.500000 r 0.000000 0.000000 0.000000 1.000000
2 0.000000 0.000000 2.500000 r 0.000000 0.000000 0.000000 1.000000
3 0.000000 0.000000 3.500000 r 0.000000 0.000000 0.000000 1.000000
4 0.000000 0.000000 4.500000 r 0.000000 0.000000 0.000000 1.000000
5 0.000000 0.000000 5.500000 r 0.000000 0.000000 0.000000 1.000000
6 0.000000 0.000000 6.500000 r 0.000000 0.000000 0.000000 1.000000
7 0.000000 0.000000 7.500000 r 0.000000 0.000000 0.000000 1.000000
8 0.000000 0.000000 8.500000 r 0.000000 0.000000 0.000000 1.000000
9 0.000000 0.000000 9.500000 r 0.000000 0.000000 0.000000 1.000000
10 6.239986 -0.000021 0.500000 r -0.000000 0.000000 0.000059 1.000000
Step 98
0 -0.000000 0.000000 0.500000 r 0.000000 0.000000 0.000000 1.000000
1 0.000000 0.000000 1.500000 r 0.000000 0.000000 0.000000 1.000000
2 0.000000 0.000000 2.500000 r 0.000000 0.000000 0.000000 1.000000
3 0.000000 0.000000 3.500000 r 0.000000 0.000000 0.000000 1.000000
4 0.000000 0.000000 4.500000 r 0.000000 0.000000 0.000000 1.000000
5 0.000000 0.000000 5.500000 r 0.000000 0.000000 0.000000 1.000000
6 0.000000 0.000000 6.500000 r 0.000000 0.000000 0.000000 1.000000
7 0.000000 0.000000 7.500000 r 0.000000 0.000000 0.000000 1.000000
8 0.000000 0.000000 8.500000 r 0.000000 0.000000 0.000000 1.000000
9 0.000000 0.000000 9.500000 r 0.000000 0.000000 0.000000 1.000000
10 6.239986 -0.000021 0.500000 r -0.000000 0.000000 0.000059 1.000000
Step 99
0 -0.000000 0.000000 0.500000 r 0.000000 0.000000 0.000000 1.000000
1 0.000000 0.000000 1.500000 r 0.000000 0.000000 0.000000 1.000000
2 0.000000 0.000000 2.500000 r 0.000000 0.000000 0.000000 1.000000
3 0.000000 0.000000 3.500000 r 0.000000 0.000000 0.000000 1.000000
4 0.000000 0.000000 4.500000 r 0.000000 0.000000 0.000000 1.000000
5 0.000000 0.000000 5.500000 r 0.000000 0.000000 0.000000 1.000000
6 0.000000 0.000000 6.500000 r 0.000000 0.000000 0.000000 1.000000
7 0.000000 0.000000 7.500000 r 0.000000 0.000000 0.000000 1.000000
8 0.000000 0.000000 8.500000 r 0.000000 0.000000 0.000000 1.000000
9 0.000000 0.000000 9.500000 r 0.000000 0.000000 0.000000 1.000000
10 6.239986 -0.000021 0.500000 r -0.000000 0.000000 0.000059 1.000000
Step 100
0 -0.000000 0.000000 0.500000 r 0.000000 0.000000 0.000000 1.000000
1 0.000000 0.000000 1.500000 r 0.000000 0.000000 0.000000 1.000000
2 0.000000 0.000000 2.500000 r 0.000000 0.000000 0.000000 1.000000
3 0.000000 0.000000 3.500000 r 0.000000 0.000000 0.000000 1.000000
4 0.000000 0.000000 4.500000 r 0.000000 0.000000 0.000000 1.000000
5 0.000000 0.000000 5.500000 r 0.000000 0.000000 0.000000 1.000000
6 0.000000 0.000000 6.500000 r 0.000000 0.000000 0.000000 1.000000
7 0.000000 0.000000 7.500000 r 0.000000 0.000000 0.000000 1.000000
8 0.000000 0.000000 8.500000 r 0.000000 0.000000 0.000000 1.000000
9 0.000000 0.000000 9.500000 r 0.000000 0.000000 0.000000 1.000000
10 6.239986 -0.000021 0.500000 r -0.000000 0.000000 0.000059 1.000000
# Kernel Took: 598845583
# h_dp[0] = 215.045
# Trying to write times to "/home/ugrads/a/andrewleachtx/code/cuda-xpbdpriv/cmaes/data/times.txt"
# Simulation took: 599971803
