# model_id: 98
# scene-count: 1
# substeps: 150
# Using ./resources/square_bowl000.obj
# Using ./resources/square_bowl001.obj
# Using ./resources/square_bowl002.obj
# Using ./resources/square_bowl003.obj
# Using ./resources/square_bowl004.obj
# Using ./resources/square_bowl005.obj
# Using ./resources/square_bowl006.obj
# Using ./resources/square_bowl007.obj
# Using ./resources/square_bowl008.obj
# Body count: 10
# Constraint count: 0
# Gravity: [0.000000 0.000000 -980.000000]
# Ground size: 20.000000
# Time Step: 0.010000
# End Time: 1.000000
# Steps: 100
# Substeps: 150
# Iterations: ->5 <-25
# Running on CPU #
# Starting 1 threads and sims = 1
Step 0
0 -0.000004 -0.000013 0.427276 r 0.000000 0.000000 0.000000 1.000000
1 -0.000004 -0.000013 0.477276 r 0.000000 0.000000 0.000000 1.000000
2 -0.000004 -0.000013 0.527276 r 0.000000 0.000000 0.000000 1.000000
3 -0.000004 -0.000013 0.577276 r 0.000000 0.000000 0.000000 1.000000
4 -0.000004 -0.000013 0.627276 r 0.000000 0.000000 0.000000 1.000000
5 -0.000004 -0.000013 0.677276 r 0.000000 0.000000 0.000000 1.000000
6 -0.000004 -0.000013 0.727275 r 0.000000 0.000000 0.000000 1.000000
7 -0.000004 -0.000013 0.777276 r 0.000000 0.000000 0.000000 1.000000
8 -0.000004 -0.000013 0.827276 r 0.000000 0.000000 0.000000 1.000000
9 -0.000004 -0.000013 0.877276 r 0.000000 0.000000 0.000000 1.000000
Step 1
0 0.000091 0.000025 0.418792 r -0.000457 0.000869 0.000041 1.000000
1 0.000114 0.000039 0.432731 r -0.000459 0.000870 0.000041 1.000000
2 0.000138 0.000051 0.446670 r -0.000459 0.000870 0.000041 1.000000
3 -0.003873 -0.004069 0.486635 r 0.001450 -0.001515 -0.000039 0.999998
4 -0.000004 -0.000013 0.528622 r 0.000000 0.000000 0.000000 1.000000
5 -0.000004 -0.000013 0.578622 r 0.000000 0.000000 0.000000 1.000000
6 -0.000004 -0.000013 0.628622 r 0.000000 0.000000 0.000000 1.000000
7 -0.000004 -0.000013 0.678622 r 0.000000 0.000000 0.000000 1.000000
8 -0.000004 -0.000013 0.728622 r 0.000000 0.000000 0.000000 1.000000
9 -0.000004 -0.000013 0.778622 r 0.000000 0.000000 0.000000 1.000000
Residuals: 39.020477
Step 2
0 0.000065 -0.000048 0.419691 r -0.000068 0.001033 0.000181 1.000000
1 -0.000092 -0.000078 0.433639 r -0.000079 0.000910 0.000177 1.000000
2 -0.000291 -0.000193 0.447572 r -0.000032 0.000771 0.000173 1.000000
3 -0.004336 -0.004376 0.464913 r 0.001970 -0.001705 0.000104 0.999997
4 -0.000430 -0.000243 0.480840 r 0.000446 -0.000176 0.000146 1.000000
5 -0.010916 -0.011313 0.494661 r 0.000469 -0.000213 -0.000063 1.000000
6 -0.018138 -0.018652 0.513449 r 0.003403 -0.003414 -0.000156 0.999988
7 -0.018232 -0.018754 0.527349 r 0.003429 -0.003438 -0.000162 0.999988
8 -0.015680 -0.016406 0.563740 r 0.006953 -0.007260 -0.000178 0.999949
9 -0.013283 -0.013921 0.608803 r 0.007553 -0.007914 -0.000206 0.999940
Residuals: 89.565247
Step 3
0 -0.001166 -0.000567 0.419196 r 0.004280 -0.008731 0.000554 0.999953
1 -0.001678 -0.000785 0.433282 r 0.004315 -0.008930 0.000559 0.999951
2 -0.002221 -0.001090 0.447383 r 0.004398 -0.009132 0.000565 0.999948
3 -0.006612 -0.005438 0.464554 r 0.006408 -0.011615 0.000507 0.999912
4 -0.003111 -0.001501 0.480924 r 0.004922 -0.010142 0.000549 0.999936
5 -0.013917 -0.012752 0.494602 r 0.004981 -0.010224 0.000342 0.999935
6 -0.021506 -0.020267 0.512862 r 0.007921 -0.013429 0.000264 0.999878
7 -0.021920 -0.020526 0.526839 r 0.007971 -0.013479 0.000262 0.999877
8 -0.019522 -0.018122 0.546484 r 0.011499 -0.017301 0.000266 0.999784
9 -0.016952 -0.015318 0.561544 r 0.012101 -0.017954 0.000240 0.999766
Residuals: 42.227730
Step 4
0 -0.001799 -0.000079 0.429268 r -0.000296 -0.011723 0.000799 0.999931
1 -0.002676 -0.000229 0.443786 r -0.000302 -0.011980 0.000822 0.999928
2 -0.003641 -0.000505 0.458296 r -0.000261 -0.012238 0.000856 0.999925
3 -0.008452 -0.004809 0.475801 r 0.001710 -0.014771 0.000846 0.999889
4 -0.005094 -0.000746 0.492102 r 0.000225 -0.013312 0.000869 0.999911
5 -0.016225 -0.011971 0.506071 r 0.000253 -0.013435 0.000693 0.999909
6 -0.024119 -0.019391 0.524517 r 0.003169 -0.016674 0.000662 0.999856
7 -0.024768 -0.019586 0.538696 r 0.003245 -0.016805 0.000656 0.999853
8 -0.022515 -0.016999 0.558349 r 0.006777 -0.020636 0.000689 0.999764
9 -0.020053 -0.014053 0.573402 r 0.007382 -0.021295 0.000668 0.999746
Residuals: 33.171268
Step 5
0 -0.001733 -0.000255 0.427795 r 0.001952 -0.011801 0.001558 0.999927
1 -0.002609 -0.000472 0.441917 r 0.001938 -0.012062 0.001582 0.999924
2 -0.003574 -0.000813 0.456063 r 0.001967 -0.012325 0.001617 0.999921
3 -0.008379 -0.005195 0.473233 r 0.003924 -0.014865 0.001603 0.999880
4 -0.005039 -0.001194 0.489503 r 0.002421 -0.013416 0.001630 0.999906
5 -0.016157 -0.012490 0.503208 r 0.002431 -0.013547 0.001455 0.999904
6 -0.024045 -0.019994 0.521462 r 0.005335 -0.016791 0.001418 0.999844
7 -0.024700 -0.020244 0.535545 r 0.005399 -0.016929 0.001412 0.999841
8 -0.022460 -0.017734 0.555199 r 0.008927 -0.020762 0.001437 0.999744
9 -0.020007 -0.014844 0.570266 r 0.009527 -0.021421 0.001415 0.999724
Residuals: 36.673203
Step 6
0 -0.001369 0.000043 0.428858 r 0.000624 -0.007964 0.002446 0.999965
1 -0.002097 -0.000116 0.443011 r 0.000595 -0.008207 0.002471 0.999963
2 -0.002944 -0.000412 0.457152 r 0.000620 -0.008466 0.002505 0.999961
3 -0.007601 -0.004750 0.474355 r 0.002577 -0.011001 0.002487 0.999933
4 -0.004115 -0.000684 0.490608 r 0.001062 -0.009540 0.002519 0.999951
5 -0.015102 -0.011957 0.504414 r 0.001069 -0.009669 0.002344 0.999950
6 -0.022831 -0.019421 0.522737 r 0.003974 -0.012909 0.002299 0.999906
7 -0.023373 -0.019630 0.536816 r 0.004036 -0.013045 0.002292 0.999904
8 -0.020977 -0.017058 0.556448 r 0.007565 -0.016871 0.002310 0.999826
9 -0.018412 -0.014122 0.571485 r 0.008164 -0.017530 0.002286 0.999810
Residuals: 38.623177
Step 7
0 -0.000663 0.000568 0.424283 r -0.003604 -0.000241 0.003308 0.999988
1 -0.001185 0.000514 0.438450 r -0.003628 -0.000486 0.003335 0.999988
2 -0.001897 0.000243 0.452736 r -0.003567 -0.000771 0.003379 0.999988
3 -0.006358 -0.004042 0.470161 r -0.001575 -0.003328 0.003363 0.999987
4 -0.002709 0.000069 0.486433 r -0.003033 -0.001905 0.003395 0.999988
5 -0.013523 -0.011113 0.500568 r -0.003044 -0.002085 0.003209 0.999988
6 -0.020968 -0.018445 0.519077 r -0.000134 -0.005326 0.003156 0.999981
7 -0.021300 -0.018544 0.533170 r -0.000069 -0.005463 0.003150 0.999980
8 -0.018614 -0.015809 0.552739 r 0.003466 -0.009288 0.003156 0.999946
9 -0.015827 -0.012746 0.567710 r 0.004068 -0.009947 0.003131 0.999937
Residuals: 41.444996
Step 8
0 0.000037 0.000422 0.421941 r -0.003339 0.005400 0.004032 0.999972
1 -0.000335 0.000361 0.436097 r -0.003372 0.005150 0.004060 0.999973
2 -0.000897 0.000087 0.450313 r -0.003325 0.004861 0.004105 0.999974
3 -0.005166 -0.004205 0.467721 r -0.001350 0.002300 0.004079 0.999988
4 -0.001350 -0.000091 0.483787 r -0.002824 0.003715 0.004121 0.999981
5 -0.011999 -0.011284 0.498018 r -0.002855 0.003529 0.003936 0.999982
6 -0.019233 -0.018623 0.516607 r 0.000040 0.000285 0.003866 0.999993
7 -0.019413 -0.018719 0.530704 r 0.000092 0.000142 0.003860 0.999993
8 -0.016515 -0.015982 0.550241 r 0.003623 -0.003684 0.003846 0.999979
9 -0.013567 -0.012915 0.565182 r 0.004220 -0.004346 0.003818 0.999974
Residuals: 37.624741
Step 9
0 -0.000289 -0.000404 0.424325 r 0.002911 0.001150 0.004967 0.999983
1 -0.000734 -0.000594 0.438442 r 0.002851 0.000920 0.004990 0.999983
2 -0.001404 -0.001038 0.452617 r 0.002892 0.000636 0.005032 0.999983
3 -0.005801 -0.005545 0.469902 r 0.004865 -0.001919 0.004997 0.999974
4 -0.002109 -0.001620 0.486037 r 0.003387 -0.000494 0.005045 0.999982
5 -0.012828 -0.012980 0.500030 r 0.003339 -0.000664 0.004855 0.999983
6 -0.020196 -0.020558 0.518443 r 0.006233 -0.003900 0.004778 0.999962
7 -0.020487 -0.020825 0.532520 r 0.006283 -0.004038 0.004771 0.999961
8 -0.017754 -0.018322 0.552110 r 0.009813 -0.007859 0.004748 0.999910
9 -0.014936 -0.015434 0.567112 r 0.010410 -0.008519 0.004718 0.999898
Residuals: 37.987293
Step 10
0 -0.001406 -0.000704 0.421189 r 0.003974 -0.007968 0.005639 0.999945
1 -0.002049 -0.001106 0.435410 r 0.003993 -0.008170 0.005673 0.999943
2 -0.002917 -0.001750 0.449643 r 0.004112 -0.008421 0.005727 0.999940
3 -0.007555 -0.006450 0.466885 r 0.006161 -0.010930 0.005717 0.999905
4 -0.004105 -0.002700 0.483176 r 0.004762 -0.009472 0.005754 0.999928
5 -0.015009 -0.014217 0.496994 r 0.004772 -0.009606 0.005571 0.999927
6 -0.022684 -0.021876 0.515266 r 0.007678 -0.012836 0.005519 0.999873
7 -0.023221 -0.022194 0.529341 r 0.007732 -0.012971 0.005513 0.999871
8 -0.020839 -0.019752 0.548986 r 0.011269 -0.016786 0.005516 0.999780
9 -0.018291 -0.016907 0.564043 r 0.011869 -0.017445 0.005490 0.999762
Residuals: 43.280380
Step 11
0 -0.002071 -0.000436 0.428281 r 0.001053 -0.012916 0.005765 0.999900
1 -0.002860 -0.000763 0.442382 r 0.001058 -0.013128 0.005801 0.999897
2 -0.003880 -0.001327 0.456589 r 0.001153 -0.013394 0.005858 0.999893
3 -0.008702 -0.005924 0.473803 r 0.003174 -0.015923 0.005867 0.999851
4 -0.005431 -0.002073 0.490009 r 0.001746 -0.014489 0.005892 0.999877
5 -0.016487 -0.013500 0.503711 r 0.001727 -0.014647 0.005710 0.999875
6 -0.024361 -0.021043 0.521952 r 0.004608 -0.017897 0.005681 0.999813
7 -0.025053 -0.021268 0.536025 r 0.004643 -0.018048 0.005675 0.999810
8 -0.022880 -0.018702 0.555672 r 0.008172 -0.021874 0.005707 0.999711
9 -0.020489 -0.015763 0.570733 r 0.008771 -0.022537 0.005686 0.999691
Residuals: 34.828629
Step 12
0 -0.002237 0.000333 0.428886 r -0.005091 -0.014445 0.005915 0.999865
1 -0.003064 0.000183 0.442959 r -0.005086 -0.014655 0.005953 0.999862
2 -0.004123 -0.000202 0.457137 r -0.004992 -0.014920 0.006011 0.999859
3 -0.008994 -0.004585 0.474360 r -0.002972 -0.017448 0.006039 0.999825
4 -0.005739 -0.000505 0.490486 r -0.004419 -0.015997 0.006054 0.999844
5 -0.016813 -0.011750 0.504272 r -0.004444 -0.016148 0.005872 0.999843
6 -0.024738 -0.019067 0.522558 r -0.001563 -0.019398 0.005868 0.999794
7 -0.025471 -0.019117 0.536616 r -0.001528 -0.019548 0.005862 0.999791
8 -0.023350 -0.016300 0.556233 r 0.001994 -0.023367 0.005924 0.999707
9 -0.021003 -0.013172 0.571271 r 0.002589 -0.024027 0.005908 0.999691
Residuals: 38.719402
Step 13
0 -0.002192 0.000480 0.434173 r -0.005879 -0.010928 0.005940 0.999906
1 -0.003352 0.000428 0.448649 r -0.005876 -0.011328 0.006002 0.999901
2 -0.004720 0.000120 0.463209 r -0.005762 -0.011791 0.006083 0.999896
3 -0.009873 -0.004194 0.480808 r -0.003702 -0.014515 0.006146 0.999869
4 -0.006966 -0.000073 0.497215 r -0.005065 -0.013219 0.006226 0.999881
5 -0.018275 -0.011285 0.511360 r -0.005035 -0.013539 0.006087 0.999877
6 -0.026357 -0.018570 0.529890 r -0.002106 -0.016929 0.006116 0.999836
7 -0.027205 -0.018597 0.544082 r -0.002036 -0.017183 0.006138 0.999832
8 -0.025011 -0.015761 0.563692 r 0.001495 -0.021010 0.006194 0.999759
9 -0.022601 -0.012618 0.578708 r 0.002093 -0.021674 0.006178 0.999744
Residuals: 58.032932
Step 14
0 -0.001492 -0.000015 0.430686 r -0.001570 -0.005043 0.006053 0.999968
1 -0.002488 -0.000195 0.444918 r -0.001565 -0.005447 0.006114 0.999966
2 -0.003691 -0.000630 0.459280 r -0.001449 -0.005914 0.006193 0.999963
3 -0.008640 -0.005098 0.476735 r 0.000614 -0.008641 0.006233 0.999943
4 -0.005542 -0.001118 0.492718 r -0.000747 -0.007349 0.006327 0.999953
5 -0.016684 -0.012456 0.506764 r -0.000717 -0.007672 0.006187 0.999952
6 -0.024550 -0.019902 0.525267 r 0.002214 -0.011063 0.006184 0.999918
7 -0.025232 -0.020052 0.539439 r 0.002285 -0.011319 0.006205 0.999914
8 -0.022814 -0.017385 0.559044 r 0.005818 -0.015149 0.006224 0.999849
9 -0.020229 -0.014371 0.574064 r 0.006416 -0.015814 0.006201 0.999835
Residuals: 41.543697
Step 15
0 -0.000464 -0.001143 0.421799 r 0.008081 0.005065 0.006220 0.999936
1 -0.001406 -0.001636 0.436106 r 0.008121 0.004546 0.006283 0.999937
2 -0.002544 -0.002390 0.450538 r 0.008275 0.003957 0.006360 0.999938
3 -0.007351 -0.007239 0.468055 r 0.010377 0.001112 0.006353 0.999925
4 -0.003974 -0.003580 0.484063 r 0.009029 0.002383 0.006478 0.999936
5 -0.015007 -0.015229 0.498144 r 0.009088 0.001949 0.006331 0.999937
6 -0.022654 -0.023069 0.516682 r 0.012045 -0.001538 0.006259 0.999907
7 -0.023171 -0.023519 0.530882 r 0.012137 -0.001867 0.006268 0.999905
8 -0.020438 -0.021253 0.550502 r 0.015691 -0.005742 0.006214 0.999841
9 -0.017584 -0.018543 0.565528 r 0.016301 -0.006424 0.006180 0.999828
Residuals: 43.249992
Step 16
0 0.000055 -0.002192 0.430623 r 0.014697 0.009323 0.006785 0.999826
1 -0.000706 -0.003090 0.445336 r 0.014779 0.008787 0.006864 0.999829
2 -0.001669 -0.004258 0.460149 r 0.014974 0.008184 0.006951 0.999831
3 -0.006270 -0.009595 0.477981 r 0.017116 0.005327 0.006943 0.999815
4 -0.002756 -0.006185 0.493999 r 0.015779 0.006596 0.007081 0.999829
5 -0.013607 -0.018251 0.508272 r 0.015870 0.006154 0.006964 0.999831
6 -0.021038 -0.026534 0.526966 r 0.018846 0.002701 0.006896 0.999796
7 -0.021399 -0.027313 0.541303 r 0.018956 0.002396 0.006929 0.999794
8 -0.018474 -0.025391 0.561012 r 0.022552 -0.001470 0.006839 0.999721
9 -0.015487 -0.022910 0.576061 r 0.023186 -0.002146 0.006800 0.999706
Residuals: 36.432518
Step 17
0 -0.000042 -0.002764 0.437642 r 0.018084 0.008131 0.007460 0.999776
1 -0.000824 -0.003756 0.452035 r 0.018164 0.007584 0.007542 0.999778
2 -0.001816 -0.005022 0.466557 r 0.018359 0.006958 0.007632 0.999779
3 -0.006454 -0.010482 0.484098 r 0.020503 0.004071 0.007621 0.999753
4 -0.002985 -0.007183 0.500099 r 0.019166 0.005309 0.007765 0.999773
5 -0.013868 -0.019362 0.514098 r 0.019262 0.004831 0.007649 0.999774
6 -0.021349 -0.027783 0.532560 r 0.022245 0.001349 0.007573 0.999724
7 -0.021758 -0.028662 0.546790 r 0.022358 0.001019 0.007605 0.999721
8 -0.018893 -0.026874 0.566495 r 0.025959 -0.002856 0.007506 0.999631
9 -0.015954 -0.024489 0.581580 r 0.026589 -0.003535 0.007466 0.999612
Residuals: 41.126694
Step 18
0 -0.000853 -0.003059 0.438466 r 0.017644 0.000915 0.008062 0.999812
1 -0.001689 -0.004330 0.453077 r 0.017827 0.000438 0.008163 0.999808
2 -0.002741 -0.005853 0.467801 r 0.018117 -0.000111 0.008273 0.999802
3 -0.007486 -0.011545 0.485474 r 0.020346 -0.002920 0.008294 0.999755
4 -0.004220 -0.008275 0.501532 r 0.019025 -0.001669 0.008429 0.999783
5 -0.015169 -0.020619 0.515526 r 0.019182 -0.002075 0.008330 0.999780
6 -0.022804 -0.029170 0.533996 r 0.022216 -0.005495 0.008288 0.999704
7 -0.023343 -0.030144 0.548300 r 0.022373 -0.005775 0.008330 0.999699
8 -0.020707 -0.028420 0.568092 r 0.026017 -0.009617 0.008252 0.999581
9 -0.017962 -0.026054 0.583223 r 0.026669 -0.010282 0.008214 0.999558
Residuals: 41.958733
Step 19
0 -0.002046 -0.002640 0.432109 r 0.014432 -0.008626 0.008489 0.999823
1 -0.003162 -0.003846 0.446498 r 0.014625 -0.009110 0.008590 0.999815
2 -0.004495 -0.005299 0.461007 r 0.014921 -0.009664 0.008703 0.999805
3 -0.009575 -0.010900 0.478440 r 0.017153 -0.012474 0.008753 0.999737
4 -0.006621 -0.007541 0.494502 r 0.015828 -0.011226 0.008868 0.999773
5 -0.017832 -0.019809 0.508226 r 0.015982 -0.011635 0.008772 0.999767
6 -0.025816 -0.028252 0.526497 r 0.019012 -0.015053 0.008769 0.999668
7 -0.026628 -0.029137 0.540727 r 0.019165 -0.015335 0.008813 0.999660
8 -0.024372 -0.027287 0.560526 r 0.022809 -0.019174 0.008781 0.999518
9 -0.021918 -0.024828 0.575703 r 0.023465 -0.019838 0.008751 0.999490
Residuals: 41.536320
Step 20
0 -0.002229 -0.001873 0.436225 r 0.006866 -0.008879 0.008562 0.999901
1 -0.003500 -0.003013 0.450876 r 0.007105 -0.009400 0.008685 0.999893
2 -0.004978 -0.004388 0.465625 r 0.007448 -0.009989 0.008820 0.999884
3 -0.010189 -0.009853 0.483323 r 0.009725 -0.012832 0.008906 0.999831
4 -0.007369 -0.006405 0.499496 r 0.008487 -0.011635 0.009006 0.999857
5 -0.018605 -0.018485 0.513403 r 0.008646 -0.012047 0.008914 0.999851
6 -0.026615 -0.026670 0.531797 r 0.011681 -0.015468 0.008939 0.999773
7 -0.027448 -0.027353 0.546041 r 0.011836 -0.015751 0.008985 0.999766
8 -0.025215 -0.025219 0.565816 r 0.015486 -0.019593 0.008983 0.999648
9 -0.022777 -0.022539 0.580955 r 0.016144 -0.020259 0.008958 0.999625
Residuals: 42.409439
Step 21
0 -0.001928 -0.000584 0.429457 r -0.003793 -0.006128 0.008667 0.999937
1 -0.003122 -0.001418 0.443955 r -0.003552 -0.006644 0.008796 0.999933
2 -0.004521 -0.002483 0.458579 r -0.003209 -0.007226 0.008937 0.999929
3 -0.009635 -0.007572 0.476283 r -0.000933 -0.010060 0.009048 0.999908
4 -0.006723 -0.003779 0.492094 r -0.002175 -0.008854 0.009139 0.999918
5 -0.017882 -0.015562 0.506300 r -0.002021 -0.009260 0.009051 0.999915
6 -0.025791 -0.023353 0.524898 r 0.001011 -0.012675 0.009104 0.999879
7 -0.026546 -0.023730 0.539152 r 0.001163 -0.012952 0.009154 0.999874
8 -0.024206 -0.021171 0.558867 r 0.004811 -0.016792 0.009183 0.999806
9 -0.021683 -0.018165 0.573941 r 0.005468 -0.017454 0.009162 0.999791
Residuals: 42.886391
Step 22
0 -0.001142 0.000034 0.426390 r -0.009001 0.000591 0.008732 0.999922
1 -0.002146 -0.000650 0.440976 r -0.008759 0.000083 0.008865 0.999923
2 -0.003339 -0.001561 0.455631 r -0.008416 -0.000493 0.009006 0.999924
3 -0.008207 -0.006463 0.473453 r -0.006140 -0.003322 0.009117 0.999934
4 -0.005080 -0.002513 0.489237 r -0.007373 -0.002105 0.009214 0.999929
5 -0.016041 -0.014147 0.503710 r -0.007220 -0.002508 0.009127 0.999930
6 -0.023695 -0.021742 0.522488 r -0.004189 -0.005919 0.009178 0.999932
7 -0.024255 -0.021969 0.536749 r -0.004036 -0.006194 0.009227 0.999930
8 -0.021648 -0.019203 0.556397 r -0.000388 -0.010032 0.009252 0.999907
9 -0.018922 -0.016038 0.571395 r 0.000269 -0.010693 0.009231 0.999901
Residuals: 42.096134
Step 23
0 -0.001003 -0.000098 0.426293 r -0.008087 0.002025 0.008770 0.999928
1 -0.001969 -0.000806 0.440818 r -0.007864 0.001511 0.008902 0.999929
2 -0.003128 -0.001734 0.455474 r -0.007550 0.000926 0.009042 0.999931
3 -0.007955 -0.006654 0.473305 r -0.005309 -0.001916 0.009147 0.999943
4 -0.004795 -0.002718 0.489051 r -0.006573 -0.000714 0.009246 0.999936
5 -0.015728 -0.014358 0.503544 r -0.006457 -0.001132 0.009157 0.999937
6 -0.023342 -0.021965 0.522337 r -0.003457 -0.004557 0.009199 0.999942
7 -0.023872 -0.022200 0.536603 r -0.003327 -0.004844 0.009246 0.999940
8 -0.021219 -0.019456 0.556247 r 0.000311 -0.008691 0.009263 0.999920
9 -0.018455 -0.016310 0.571236 r 0.000966 -0.009355 0.009240 0.999913
Residuals: 39.550854
Step 24
0 -0.001572 -0.000917 0.425221 r -0.001522 -0.003295 0.008768 0.999956
1 -0.002685 -0.001822 0.439699 r -0.001298 -0.003807 0.008897 0.999953
2 -0.003993 -0.002948 0.454298 r -0.000982 -0.004391 0.009035 0.999950
3 -0.009002 -0.008107 0.471975 r 0.001260 -0.007231 0.009132 0.999932
4 -0.005971 -0.004404 0.487760 r -0.000002 -0.006008 0.009225 0.999940
5 -0.017051 -0.016239 0.501950 r 0.000116 -0.006425 0.009133 0.999938
6 -0.024858 -0.024097 0.520533 r 0.003118 -0.009849 0.009168 0.999905
7 -0.025536 -0.024523 0.534771 r 0.003248 -0.010135 0.009214 0.999901
8 -0.023087 -0.022038 0.554473 r 0.006886 -0.013980 0.009224 0.999836
9 -0.020476 -0.019091 0.569538 r 0.007541 -0.014640 0.009199 0.999822
Residuals: 40.138050
Step 25
0 -0.001849 -0.002315 0.421480 r 0.010686 -0.004371 0.008902 0.999894
1 -0.003223 -0.003577 0.435991 r 0.010935 -0.004998 0.009025 0.999887
2 -0.004784 -0.005066 0.450615 r 0.011276 -0.005702 0.009154 0.999879
3 -0.010041 -0.010672 0.468204 r 0.013543 -0.008662 0.009214 0.999829
4 -0.007242 -0.007367 0.484166 r 0.012306 -0.007563 0.009320 0.999853
5 -0.018531 -0.019559 0.498071 r 0.012436 -0.008089 0.009215 0.999848
6 -0.026534 -0.027881 0.516465 r 0.015446 -0.011606 0.009205 0.999772
7 -0.027361 -0.028659 0.530710 r 0.015581 -0.011963 0.009241 0.999765
8 -0.024990 -0.026664 0.550482 r 0.019222 -0.015815 0.009209 0.999648
9 -0.022434 -0.024089 0.565621 r 0.019879 -0.016477 0.009178 0.999625
Residuals: 40.057858
Step 26
0 -0.001621 -0.003273 0.431814 r 0.019455 -0.002008 0.009341 0.999766
1 -0.002910 -0.004776 0.446841 r 0.019638 -0.002560 0.009439 0.999760
2 -0.004411 -0.006522 0.461938 r 0.019914 -0.003189 0.009540 0.999752
3 -0.009588 -0.012426 0.479891 r 0.022114 -0.006069 0.009543 0.999692
4 -0.006698 -0.009379 0.495802 r 0.020868 -0.004963 0.009667 0.999724
5 -0.017916 -0.021802 0.509861 r 0.020925 -0.005414 0.009560 0.999721
6 -0.025799 -0.030450 0.528386 r 0.023866 -0.008868 0.009528 0.999631
7 -0.026533 -0.031471 0.542779 r 0.023942 -0.009181 0.009575 0.999626
8 -0.024028 -0.029786 0.562610 r 0.027571 -0.012992 0.009499 0.999490
9 -0.021392 -0.027454 0.577779 r 0.028223 -0.013657 0.009463 0.999464
Residuals: 43.963081
Step 27
0 -0.000936 -0.003905 0.435315 r 0.024831 0.004139 0.009716 0.999637
1 -0.002048 -0.005546 0.449761 r 0.025015 0.003570 0.009811 0.999633
2 -0.003375 -0.007434 0.464325 r 0.025294 0.002916 0.009907 0.999627
3 -0.008338 -0.013515 0.481800 r 0.027498 0.000009 0.009882 0.999573
4 -0.005273 -0.010644 0.497684 r 0.026259 0.001083 0.010019 0.999605
5 -0.016323 -0.023218 0.511395 r 0.026321 0.000605 0.009909 0.999605
6 -0.023984 -0.032063 0.529644 r 0.029269 -0.002871 0.009841 0.999520
7 -0.024553 -0.033233 0.543834 r 0.029349 -0.003202 0.009886 0.999516
8 -0.021816 -0.031758 0.563572 r 0.032984 -0.007023 0.009767 0.999384
9 -0.019001 -0.029587 0.578727 r 0.033639 -0.007689 0.009723 0.999358
Residuals: 41.330994
Step 28
0 -0.000931 -0.004302 0.441230 r 0.026674 0.003794 0.010043 0.999587
1 -0.002075 -0.005994 0.455738 r 0.026824 0.003173 0.010136 0.999584
2 -0.003326 -0.008085 0.470451 r 0.027137 0.002542 0.010259 0.999576
3 -0.008158 -0.014385 0.488036 r 0.029370 -0.000311 0.010253 0.999516
4 -0.005095 -0.011580 0.503911 r 0.028135 0.000765 0.010394 0.999551
5 -0.016076 -0.024306 0.517673 r 0.028227 0.000310 0.010299 0.999549
6 -0.023647 -0.033335 0.535956 r 0.031200 -0.003124 0.010243 0.999457
7 -0.024150 -0.034637 0.550191 r 0.031302 -0.003422 0.010298 0.999452
8 -0.021389 -0.033278 0.569969 r 0.034965 -0.007224 0.010174 0.999311
9 -0.018572 -0.031177 0.585133 r 0.035634 -0.007881 0.010129 0.999283
Residuals: 44.157383
Step 29
0 -0.001653 -0.004250 0.441167 r 0.025621 -0.001998 0.010482 0.999616
1 -0.002961 -0.005915 0.455614 r 0.025775 -0.002627 0.010577 0.999609
2 -0.004380 -0.007974 0.470171 r 0.026095 -0.003271 0.010702 0.999597
3 -0.009411 -0.014241 0.487560 r 0.028339 -0.006135 0.010712 0.999523
4 -0.006537 -0.011412 0.503453 r 0.027115 -0.005073 0.010844 0.999561
5 -0.017676 -0.024121 0.517022 r 0.027220 -0.005544 0.010749 0.999557
6 -0.025457 -0.033123 0.535154 r 0.030205 -0.008987 0.010714 0.999447
7 -0.026128 -0.034403 0.549332 r 0.030315 -0.009293 0.010770 0.999440
8 -0.023602 -0.033009 0.569122 r 0.033987 -0.013097 0.010670 0.999280
9 -0.020968 -0.030880 0.584317 r 0.034658 -0.013757 0.010630 0.999248
Residuals: 44.175243
Step 30
0 -0.002106 -0.003806 0.440048 r 0.020942 -0.003874 0.010795 0.999716
1 -0.003656 -0.005518 0.454667 r 0.021172 -0.004578 0.010900 0.999706
2 -0.005318 -0.007609 0.469388 r 0.021570 -0.005294 0.011047 0.999693
3 -0.010582 -0.013871 0.486949 r 0.023890 -0.008224 0.011092 0.999620
4 -0.007810 -0.010929 0.502827 r 0.022686 -0.007175 0.011217 0.999655
5 -0.019118 -0.023640 0.516558 r 0.022856 -0.007697 0.011138 0.999648
6 -0.027066 -0.032582 0.534808 r 0.025900 -0.011181 0.011133 0.999541
7 -0.027866 -0.033809 0.549044 r 0.026054 -0.011518 0.011195 0.999532
8 -0.025487 -0.032307 0.568859 r 0.029769 -0.015347 0.011116 0.999377
9 -0.022942 -0.030071 0.584051 r 0.030460 -0.016020 0.011077 0.999347
Residuals: 47.206062
Step 31
0 -0.001954 -0.002783 0.436992 r 0.013368 -0.002533 0.011110 0.999847
1 -0.003461 -0.004264 0.451579 r 0.013595 -0.003235 0.011220 0.999840
2 -0.005080 -0.006125 0.466289 r 0.013991 -0.003948 0.011372 0.999830
3 -0.010292 -0.012116 0.483923 r 0.016309 -0.006876 0.011436 0.999779
4 -0.007476 -0.008922 0.499696 r 0.015100 -0.005825 0.011555 0.999803
5 -0.018739 -0.021426 0.513637 r 0.015268 -0.006347 0.011479 0.999798
6 -0.026613 -0.030061 0.532024 r 0.018292 -0.009821 0.011494 0.999719
7 -0.027359 -0.031046 0.546279 r 0.018429 -0.010151 0.011557 0.999712
8 -0.024920 -0.029222 0.566085 r 0.022130 -0.013973 0.011503 0.999592
9 -0.022335 -0.026747 0.581264 r 0.022814 -0.014643 0.011469 0.999567
Residuals: 44.201565
Step 32
0 -0.001499 -0.001477 0.429490 r 0.002111 0.002533 0.011387 0.999931
1 -0.002964 -0.002729 0.444189 r 0.002388 0.001797 0.011510 0.999930
2 -0.004531 -0.004353 0.459014 r 0.002833 0.001052 0.011672 0.999928
3 -0.009650 -0.010036 0.476881 r 0.005198 -0.001902 0.011761 0.999916
4 -0.006762 -0.006570 0.492609 r 0.004042 -0.000882 0.011866 0.999922
5 -0.017909 -0.018805 0.506973 r 0.004238 -0.001423 0.011799 0.999921
6 -0.025609 -0.027047 0.525634 r 0.007269 -0.004899 0.011840 0.999892
7 -0.026224 -0.027722 0.539917 r 0.007410 -0.005231 0.011906 0.999889
8 -0.023600 -0.025463 0.559650 r 0.011117 -0.009055 0.011877 0.999827
9 -0.020872 -0.022651 0.574739 r 0.011803 -0.009727 0.011847 0.999813
Residuals: 44.100544
Step 33
0 -0.001537 0.000126 0.420913 r -0.012617 0.002655 0.011838 0.999848
1 -0.002999 -0.000697 0.435661 r -0.012340 0.001921 0.011972 0.999851
2 -0.004541 -0.001937 0.450637 r -0.011881 0.001181 0.012146 0.999855
3 -0.009615 -0.007137 0.468759 r -0.009508 -0.001750 0.012282 0.999878
4 -0.006728 -0.003210 0.484279 r -0.010664 -0.000728 0.012372 0.999867
5 -0.017860 -0.015034 0.499002 r -0.010468 -0.001268 0.012314 0.999870
6 -0.025549 -0.022735 0.517903 r -0.007437 -0.004740 0.012406 0.999885
7 -0.026162 -0.022991 0.532205 r -0.007296 -0.005070 0.012477 0.999883
8 -0.023540 -0.020149 0.551870 r -0.003586 -0.008892 0.012504 0.999876
9 -0.020816 -0.016892 0.566874 r -0.002899 -0.009563 0.012484 0.999873
Residuals: 41.992531
Step 34
0 -0.002459 0.001075 0.431054 r -0.020928 -0.004092 0.012211 0.999699
1 -0.004147 0.000481 0.445798 r -0.020625 -0.004820 0.012362 0.999700
2 -0.005907 -0.000533 0.460689 r -0.020132 -0.005542 0.012554 0.999704
3 -0.011228 -0.005463 0.478731 r -0.017720 -0.008447 0.012739 0.999727
4 -0.008548 -0.001297 0.494223 r -0.018838 -0.007389 0.012819 0.999714
5 -0.019861 -0.012912 0.508968 r -0.018604 -0.007895 0.012773 0.999715
6 -0.027787 -0.020331 0.527869 r -0.015541 -0.011336 0.012916 0.999732
7 -0.028583 -0.020369 0.542151 r -0.015379 -0.011642 0.012992 0.999730
8 -0.026216 -0.017214 0.561798 r -0.011658 -0.015446 0.013073 0.999727
9 -0.023691 -0.013714 0.576780 r -0.010971 -0.016112 0.013061 0.999725
Residuals: 65.598717
Step 35
0 -0.002564 0.001408 0.438244 r -0.023735 -0.006672 0.012575 0.999618
1 -0.004287 0.000883 0.452939 r -0.023429 -0.007384 0.012727 0.999618
2 -0.006085 -0.000061 0.467792 r -0.022934 -0.008092 0.012920 0.999621
3 -0.011340 -0.004954 0.485723 r -0.020509 -0.010928 0.013113 0.999645
4 -0.008714 -0.000706 0.501163 r -0.021631 -0.009860 0.013186 0.999631
5 -0.019974 -0.012286 0.515850 r -0.021398 -0.010313 0.013134 0.999633
6 -0.027896 -0.019633 0.534704 r -0.018337 -0.013707 0.013285 0.999651
7 -0.028698 -0.019612 0.548952 r -0.018177 -0.013979 0.013352 0.999649
8 -0.026420 -0.016348 0.568576 r -0.014456 -0.017778 0.013449 0.999647
9 -0.023967 -0.012763 0.583545 r -0.013768 -0.018441 0.013440 0.999645
Residuals: 41.206585
Step 36
0 -0.002518 0.001231 0.441840 r -0.021018 -0.004689 0.013014 0.999684
1 -0.004484 0.000735 0.456826 r -0.020754 -0.005542 0.013169 0.999683
2 -0.006510 -0.000196 0.471945 r -0.020293 -0.006399 0.013367 0.999685
3 -0.011959 -0.005112 0.490159 r -0.017888 -0.009382 0.013558 0.999705
4 -0.009501 -0.000908 0.505814 r -0.018992 -0.008452 0.013658 0.999692
5 -0.020912 -0.012533 0.520669 r -0.018761 -0.009034 0.013611 0.999692
6 -0.028949 -0.019962 0.539660 r -0.015691 -0.012547 0.013753 0.999704
7 -0.029844 -0.020004 0.554013 r -0.015521 -0.012914 0.013821 0.999701
8 -0.027586 -0.016838 0.573676 r -0.011786 -0.016758 0.013909 0.999694
9 -0.025106 -0.013331 0.588653 r -0.011097 -0.017424 0.013897 0.999691
Residuals: 51.392403
Step 37
0 -0.001901 0.000390 0.437060 r -0.013450 -0.000113 0.013522 0.999819
1 -0.003736 -0.000339 0.451858 r -0.013184 -0.000972 0.013670 0.999820
2 -0.005629 -0.001504 0.466816 r -0.012720 -0.001836 0.013860 0.999822
3 -0.010912 -0.006702 0.484876 r -0.010311 -0.004824 0.014017 0.999838
4 -0.008316 -0.002739 0.500281 r -0.011414 -0.003900 0.014131 0.999828
5 -0.019584 -0.014600 0.514993 r -0.011181 -0.004487 0.014078 0.999830
6 -0.027442 -0.022324 0.533900 r -0.008108 -0.008002 0.014180 0.999835
7 -0.028207 -0.022583 0.548239 r -0.007937 -0.008372 0.014244 0.999833
8 -0.025776 -0.019710 0.567942 r -0.004200 -0.012223 0.014286 0.999815
9 -0.023163 -0.016425 0.582953 r -0.003510 -0.012891 0.014266 0.999810
Residuals: 45.345100
Step 38
0 -0.001795 -0.001217 0.427909 r -0.000309 0.001420 0.014005 0.999902
1 -0.003817 -0.002331 0.442716 r -0.000045 0.000451 0.014148 0.999900
2 -0.005890 -0.003894 0.457675 r 0.000420 -0.000529 0.014328 0.999898
3 -0.011323 -0.009580 0.475638 r 0.002834 -0.003630 0.014443 0.999886
4 -0.008724 -0.006027 0.491147 r 0.001740 -0.002730 0.014573 0.999889
5 -0.020103 -0.018306 0.505602 r 0.001982 -0.003418 0.014506 0.999888
6 -0.028041 -0.026553 0.524345 r 0.005066 -0.007020 0.014548 0.999858
7 -0.028872 -0.027205 0.538693 r 0.005245 -0.007459 0.014600 0.999852
8 -0.026459 -0.024849 0.558477 r 0.008982 -0.011358 0.014588 0.999789
9 -0.023827 -0.021952 0.573567 r 0.009666 -0.012038 0.014558 0.999776
Residuals: 44.599533
Step 39
0 -0.002695 -0.002864 0.420301 r 0.012977 -0.004865 0.014539 0.999799
1 -0.005045 -0.004407 0.435116 r 0.013262 -0.005906 0.014668 0.999788
2 -0.007439 -0.006402 0.450073 r 0.013748 -0.006955 0.014835 0.999772
3 -0.013216 -0.012606 0.467879 r 0.016184 -0.010120 0.014921 0.999707
4 -0.010838 -0.009473 0.483486 r 0.015095 -0.009236 0.015054 0.999731
5 -0.022483 -0.022174 0.497524 r 0.015356 -0.009974 0.014978 0.999721
6 -0.030727 -0.030951 0.515990 r 0.018454 -0.013618 0.014991 0.999625
7 -0.031795 -0.032003 0.530348 r 0.018644 -0.014091 0.015036 0.999614
8 -0.029676 -0.030188 0.550249 r 0.022389 -0.018008 0.014995 0.999475
9 -0.027252 -0.027701 0.565452 r 0.023078 -0.018696 0.014962 0.999448
Residuals: 40.791298
Step 40
0 -0.003303 -0.003723 0.434604 r 0.020366 -0.009464 0.015080 0.999635
1 -0.005693 -0.005541 0.449920 r 0.020609 -0.010415 0.015133 0.999619
2 -0.008209 -0.007791 0.465330 r 0.021033 -0.011368 0.015222 0.999599
3 -0.014041 -0.014196 0.483594 r 0.023308 -0.014378 0.015290 0.999509
4 -0.011784 -0.011271 0.499288 r 0.022197 -0.013483 0.015431 0.999545
5 -0.023455 -0.024093 0.513527 r 0.022278 -0.014108 0.015372 0.999535
6 -0.031765 -0.033049 0.532183 r 0.025212 -0.017648 0.015392 0.999409
7 -0.032896 -0.034239 0.546785 r 0.025276 -0.018052 0.015451 0.999399
8 -0.030963 -0.032687 0.566853 r 0.028991 -0.021983 0.015397 0.999220
9 -0.028682 -0.030403 0.582132 r 0.029674 -0.022689 0.015361 0.999185
Residuals: 40.982647
Step 41
0 -0.003497 -0.004215 0.442487 r 0.024340 -0.010558 0.015503 0.999529
1 -0.005910 -0.006132 0.457207 r 0.024579 -0.011526 0.015554 0.999511
2 -0.008453 -0.008483 0.472038 r 0.024999 -0.012503 0.015640 0.999488
3 -0.014309 -0.015001 0.489472 r 0.027272 -0.015541 0.015698 0.999385
4 -0.012105 -0.012206 0.505172 r 0.026162 -0.014679 0.015841 0.999425
5 -0.023794 -0.025123 0.518646 r 0.026243 -0.015333 0.015779 0.999415
6 -0.032134 -0.034208 0.536680 r 0.029179 -0.018897 0.015787 0.999272
7 -0.033295 -0.035497 0.550892 r 0.029245 -0.019320 0.015845 0.999261
8 -0.031414 -0.034098 0.570848 r 0.032965 -0.023260 0.015779 0.999062
9 -0.029173 -0.031936 0.586134 r 0.033650 -0.023967 0.015740 0.999023
Residuals: 46.016590
Step 42
0 -0.003296 -0.004241 0.445613 r 0.025113 -0.008571 0.015894 0.999523
1 -0.005640 -0.006176 0.460317 r 0.025351 -0.009537 0.015943 0.999507
2 -0.008113 -0.008545 0.475137 r 0.025772 -0.010512 0.016026 0.999485
3 -0.013881 -0.015089 0.492561 r 0.028045 -0.013545 0.016077 0.999386
4 -0.011608 -0.012305 0.508212 r 0.026930 -0.012680 0.016223 0.999426
5 -0.023222 -0.025249 0.521701 r 0.027011 -0.013330 0.016159 0.999417
6 -0.031478 -0.034365 0.539747 r 0.029947 -0.016889 0.016157 0.999279
7 -0.032578 -0.035675 0.553957 r 0.030012 -0.017309 0.016213 0.999269
8 -0.030615 -0.034302 0.573916 r 0.033730 -0.021245 0.016136 0.999075
9 -0.028314 -0.032159 0.589203 r 0.034414 -0.021951 0.016095 0.999038
Residuals: 45.655457
Step 43
0 -0.002802 -0.003950 0.444155 r 0.022446 -0.003114 0.016245 0.999612
1 -0.005112 -0.005922 0.459010 r 0.022734 -0.004125 0.016298 0.999601
2 -0.007540 -0.008324 0.473975 r 0.023207 -0.005144 0.016383 0.999584
3 -0.013219 -0.014885 0.491597 r 0.025534 -0.008216 0.016428 0.999506
4 -0.010883 -0.012127 0.507302 r 0.024493 -0.007398 0.016564 0.999536
5 -0.022417 -0.025092 0.521046 r 0.024618 -0.008077 0.016500 0.999530
6 -0.030534 -0.034188 0.539273 r 0.027593 -0.011660 0.016490 0.999416
7 -0.031525 -0.035474 0.553532 r 0.027687 -0.012097 0.016545 0.999407
8 -0.029362 -0.034010 0.573467 r 0.031413 -0.016035 0.016458 0.999243
9 -0.026907 -0.031793 0.588716 r 0.032100 -0.016743 0.016414 0.999210
Residuals: 47.228882
Step 44
0 -0.001794 -0.003150 0.437095 r 0.016995 0.005305 0.016541 0.999706
1 -0.003848 -0.004946 0.451962 r 0.017280 0.004296 0.016597 0.999704
2 -0.006017 -0.007173 0.466956 r 0.017750 0.003280 0.016683 0.999699
3 -0.011391 -0.013532 0.484718 r 0.020075 0.000211 0.016725 0.999659
4 -0.008790 -0.010579 0.500173 r 0.019028 0.001032 0.016866 0.999677
5 -0.020078 -0.023393 0.514244 r 0.019149 0.000354 0.016804 0.999677
6 -0.027855 -0.032252 0.532688 r 0.022101 -0.003217 0.016785 0.999611
7 -0.028588 -0.033348 0.546971 r 0.022175 -0.003645 0.016838 0.999606
8 -0.026080 -0.031634 0.566846 r 0.025884 -0.007576 0.016743 0.999497
9 -0.023369 -0.029235 0.582032 r 0.026562 -0.008280 0.016698 0.999474
Residuals: 43.799721
Step 45
0 -0.001491 -0.002227 0.435332 r 0.007745 0.007415 0.016832 0.999802
1 -0.003364 -0.003911 0.450391 r 0.008087 0.006453 0.016906 0.999804
2 -0.005358 -0.006013 0.465570 r 0.008612 0.005486 0.017009 0.999804
3 -0.010527 -0.012173 0.483579 r 0.010984 0.002487 0.017083 0.999791
4 -0.007766 -0.009069 0.499087 r 0.010008 0.003355 0.017215 0.999797
5 -0.018971 -0.021651 0.513453 r 0.010135 0.002681 0.017160 0.999799
6 -0.026648 -0.030192 0.532092 r 0.013093 -0.000882 0.017168 0.999768
7 -0.027310 -0.031037 0.546394 r 0.013170 -0.001304 0.017226 0.999765
8 -0.024712 -0.028966 0.566215 r 0.016885 -0.005232 0.017158 0.999697
9 -0.021936 -0.026292 0.581333 r 0.017566 -0.005934 0.017118 0.999682
Residuals: 44.448528
Step 46
0 -0.001959 -0.000836 0.428794 r -0.004474 0.003939 0.017130 0.999837
1 -0.003933 -0.002159 0.443726 r -0.004138 0.002977 0.017218 0.999839
2 -0.006032 -0.003895 0.458800 r -0.003622 0.002006 0.017335 0.999842
3 -0.011327 -0.009620 0.476785 r -0.001259 -0.001001 0.017455 0.999847
4 -0.008684 -0.006132 0.492096 r -0.002250 -0.000143 0.017573 0.999844
5 -0.019990 -0.018371 0.506664 r -0.002132 -0.000831 0.017526 0.999845
6 -0.027804 -0.026459 0.525440 r 0.000816 -0.004404 0.017588 0.999836
7 -0.028575 -0.026953 0.539748 r 0.000886 -0.004834 0.017651 0.999833
8 -0.026130 -0.024394 0.559529 r 0.004599 -0.008766 0.017644 0.999796
9 -0.023470 -0.021348 0.574599 r 0.005280 -0.009470 0.017616 0.999787
Residuals: 41.029652
Step 47
0 -0.003047 -0.000212 0.425038 r -0.011105 -0.006025 0.017502 0.999768
1 -0.005292 -0.001361 0.439945 r -0.010762 -0.006971 0.017598 0.999764
2 -0.007650 -0.002938 0.455001 r -0.010225 -0.007914 0.017720 0.999760
3 -0.013217 -0.008482 0.472971 r -0.007846 -0.010875 0.017889 0.999751
4 -0.010841 -0.004874 0.488342 r -0.008795 -0.009975 0.017974 0.999751
5 -0.022388 -0.016993 0.502869 r -0.008643 -0.010631 0.017929 0.999747
6 -0.030553 -0.024859 0.521585 r -0.005690 -0.014192 0.018042 0.999721
7 -0.031596 -0.025178 0.535878 r -0.005618 -0.014615 0.018108 0.999714
8 -0.029538 -0.022369 0.555672 r -0.001901 -0.018540 0.018162 0.999662
9 -0.027176 -0.019131 0.570754 r -0.001219 -0.019242 0.018144 0.999650
Residuals: 44.812939
Step 48
0 -0.003866 -0.000182 0.432762 r -0.011071 -0.011851 0.017857 0.999710
1 -0.006299 -0.001348 0.447642 r -0.010723 -0.012773 0.017963 0.999700
2 -0.008837 -0.002936 0.462663 r -0.010184 -0.013677 0.018096 0.999692
3 -0.014601 -0.008489 0.480522 r -0.007808 -0.016589 0.018285 0.999666
4 -0.012386 -0.004879 0.495884 r -0.008766 -0.015628 0.018368 0.999672
5 -0.024073 -0.017004 0.510241 r -0.008624 -0.016234 0.018327 0.999665
6 -0.032427 -0.024873 0.528848 r -0.005681 -0.019752 0.018456 0.999620
7 -0.033617 -0.025187 0.543118 r -0.005618 -0.020144 0.018521 0.999610
8 -0.031770 -0.022374 0.562935 r -0.001909 -0.024045 0.018593 0.999537
9 -0.029574 -0.019132 0.578041 r -0.001230 -0.024742 0.018577 0.999521
Residuals: 54.416904
Step 49
0 -0.004027 -0.000846 0.436114 r -0.005491 -0.014246 0.018262 0.999718
1 -0.006525 -0.002187 0.450944 r -0.005139 -0.015167 0.018363 0.999704
2 -0.009127 -0.003952 0.465903 r -0.004597 -0.016072 0.018492 0.999690
3 -0.014964 -0.009717 0.483634 r -0.002217 -0.018983 0.018669 0.999644
4 -0.012785 -0.006315 0.499038 r -0.003163 -0.018009 0.018750 0.999658
5 -0.024523 -0.018617 0.513169 r -0.003018 -0.018614 0.018706 0.999649
6 -0.032951 -0.026707 0.531616 r -0.000072 -0.022131 0.018822 0.999579
7 -0.034205 -0.027185 0.545851 r -0.000008 -0.022523 0.018885 0.999569
8 -0.032448 -0.024594 0.565677 r 0.003703 -0.026422 0.018943 0.999465
9 -0.030324 -0.021521 0.580819 r 0.004383 -0.027119 0.018924 0.999444
Residuals: 40.835476
Step 50
0 -0.003954 -0.002092 0.432923 r 0.005776 -0.012739 0.018739 0.999728
1 -0.006654 -0.003741 0.447824 r 0.006116 -0.013789 0.018828 0.999710
2 -0.009451 -0.005827 0.462839 r 0.006649 -0.014830 0.018940 0.999689
3 -0.015464 -0.011982 0.480538 r 0.009021 -0.017880 0.019073 0.999618
4 -0.013458 -0.008924 0.496098 r 0.008085 -0.017044 0.019164 0.999640
5 -0.025343 -0.021549 0.510040 r 0.008221 -0.017775 0.019101 0.999627
6 -0.033880 -0.030056 0.528368 r 0.011162 -0.021395 0.019162 0.999526
7 -0.035222 -0.030854 0.542624 r 0.011223 -0.021868 0.019210 0.999514
8 -0.033473 -0.028722 0.562510 r 0.014962 -0.025795 0.019217 0.999371
9 -0.031346 -0.025991 0.577714 r 0.015652 -0.026503 0.019187 0.999343
Residuals: 41.255020
Step 51
0 -0.003574 -0.003020 0.433563 r 0.014426 -0.008570 0.019580 0.999669
1 -0.006138 -0.004930 0.448441 r 0.014769 -0.009618 0.019658 0.999652
2 -0.008797 -0.007278 0.463439 r 0.015304 -0.010657 0.019758 0.999632
3 -0.014660 -0.013765 0.481110 r 0.017688 -0.013698 0.019856 0.999553
4 -0.012518 -0.010964 0.496546 r 0.016751 -0.012861 0.019959 0.999579
5 -0.024261 -0.023864 0.510403 r 0.016896 -0.013582 0.019889 0.999569
6 -0.032637 -0.032714 0.528684 r 0.019848 -0.017194 0.019907 0.999458
7 -0.033865 -0.033768 0.542962 r 0.019914 -0.017662 0.019952 0.999447
8 -0.031951 -0.031984 0.562906 r 0.023663 -0.021586 0.019908 0.999289
9 -0.029698 -0.029514 0.578155 r 0.024355 -0.022294 0.019869 0.999258
Residuals: 39.841393
Step 52
0 -0.002828 -0.003578 0.436652 r 0.019443 -0.000965 0.020407 0.999604
1 -0.005211 -0.005720 0.451717 r 0.019803 -0.002017 0.020484 0.999593
2 -0.007682 -0.008295 0.466879 r 0.020357 -0.003060 0.020578 0.999577
3 -0.013264 -0.014972 0.484569 r 0.022745 -0.006099 0.020643 0.999510
4 -0.010938 -0.012402 0.500112 r 0.021857 -0.005282 0.020753 0.999533
5 -0.022445 -0.025466 0.514016 r 0.022003 -0.006003 0.020678 0.999528
6 -0.030525 -0.034516 0.532334 r 0.024958 -0.009612 0.020656 0.999430
7 -0.031532 -0.035715 0.546617 r 0.025026 -0.010081 0.020697 0.999422
8 -0.029317 -0.034126 0.566546 r 0.028779 -0.014002 0.020605 0.999276
9 -0.026836 -0.031803 0.581782 r 0.029473 -0.014710 0.020557 0.999247
Residuals: 41.462021
Step 53
0 -0.001651 -0.003741 0.433821 r 0.021476 0.009860 0.021186 0.999498
1 -0.003712 -0.005936 0.448774 r 0.021832 0.008801 0.021258 0.999498
2 -0.005858 -0.008565 0.463845 r 0.022378 0.007746 0.021345 0.999493
3 -0.011053 -0.015314 0.481616 r 0.024760 0.004694 0.021380 0.999455
4 -0.008409 -0.012785 0.496946 r 0.023861 0.005493 0.021501 0.999470
5 -0.019602 -0.025919 0.511045 r 0.023997 0.004756 0.021424 0.999473
6 -0.027278 -0.035047 0.529498 r 0.026948 0.001134 0.021363 0.999409
7 -0.027984 -0.036297 0.543795 r 0.027011 0.000654 0.021403 0.999407
8 -0.025348 -0.034772 0.563675 r 0.030763 -0.003272 0.021264 0.999296
9 -0.022545 -0.032497 0.578864 r 0.031457 -0.003981 0.021206 0.999273
Residuals: 40.682323
Step 54
0 -0.001205 -0.003758 0.443075 r 0.019952 0.013403 0.021778 0.999475
1 -0.003140 -0.005928 0.458062 r 0.020314 0.012351 0.021855 0.999479
2 -0.005162 -0.008529 0.473168 r 0.020866 0.011303 0.021945 0.999478
3 -0.010209 -0.015243 0.491005 r 0.023253 0.008257 0.021978 0.999455
4 -0.007448 -0.012676 0.506316 r 0.022358 0.009061 0.022101 0.999466
5 -0.018514 -0.025790 0.520539 r 0.022496 0.008327 0.022025 0.999471
6 -0.026040 -0.034878 0.539076 r 0.025450 0.004710 0.021959 0.999425
7 -0.026638 -0.036089 0.553383 r 0.025514 0.004234 0.021997 0.999424
8 -0.023837 -0.034522 0.573253 r 0.029283 0.000329 0.021848 0.999333
9 -0.020928 -0.032197 0.588415 r 0.029979 -0.000378 0.021789 0.999314
Residuals: 41.875458
Step 55
0 -0.001480 -0.003326 0.443708 r 0.015519 0.011374 0.022377 0.999566
1 -0.003466 -0.005377 0.458696 r 0.015900 0.010325 0.022460 0.999569
2 -0.005539 -0.007862 0.473810 r 0.016477 0.009280 0.022558 0.999568
3 -0.010642 -0.014444 0.491681 r 0.018894 0.006240 0.022610 0.999547
4 -0.007938 -0.011763 0.506984 r 0.018035 0.007050 0.022727 0.999556
5 -0.019037 -0.024787 0.521273 r 0.018203 0.006321 0.022655 0.999559
6 -0.026622 -0.033742 0.539857 r 0.021184 0.002711 0.022610 0.999518
7 -0.027271 -0.034845 0.554173 r 0.021266 0.002239 0.022651 0.999515
8 -0.024551 -0.033116 0.574029 r 0.025052 -0.001659 0.022525 0.999432
9 -0.021706 -0.030663 0.589183 r 0.025753 -0.002363 0.022470 0.999414
Residuals: 45.326015
Step 56
0 -0.002432 -0.002668 0.437983 r 0.007801 0.003279 0.022891 0.999704
1 -0.004522 -0.004701 0.453086 r 0.008273 0.002293 0.022996 0.999700
2 -0.006707 -0.007160 0.468313 r 0.008939 0.001312 0.023122 0.999693
3 -0.011970 -0.013661 0.486296 r 0.011442 -0.001664 0.023228 0.999664
4 -0.009491 -0.010788 0.501588 r 0.010601 -0.000841 0.023334 0.999673
5 -0.020716 -0.023749 0.515959 r 0.010839 -0.001516 0.023283 0.999671
6 -0.028516 -0.032552 0.534604 r 0.013881 -0.005080 0.023300 0.999621
7 -0.029341 -0.033528 0.548961 r 0.014009 -0.005517 0.023352 0.999615
8 -0.026902 -0.031565 0.568857 r 0.017838 -0.009387 0.023283 0.999527
9 -0.024297 -0.028898 0.584021 r 0.018542 -0.010088 0.023238 0.999508
Residuals: 43.467262
Step 57
0 -0.004143 -0.001528 0.424572 r -0.002587 -0.010304 0.023450 0.999670
1 -0.006645 -0.003260 0.439553 r -0.002110 -0.011293 0.023572 0.999657
2 -0.009246 -0.005419 0.454673 r -0.001433 -0.012278 0.023716 0.999643
3 -0.014999 -0.011571 0.472552 r 0.001086 -0.015258 0.023887 0.999599
4 -0.012945 -0.008396 0.487817 r 0.000259 -0.014441 0.023972 0.999610
5 -0.024554 -0.021090 0.502072 r 0.000516 -0.015123 0.023932 0.999601
6 -0.032861 -0.029537 0.520629 r 0.003575 -0.018689 0.024026 0.999532
7 -0.034082 -0.030234 0.534950 r 0.003714 -0.019127 0.024085 0.999521
8 -0.032195 -0.027876 0.554860 r 0.007553 -0.022996 0.024106 0.999417
9 -0.030013 -0.024906 0.570040 r 0.008260 -0.023696 0.024079 0.999396
Residuals: 42.713356
Step 58
0 -0.005650 -0.001084 0.430982 r -0.006773 -0.020236 0.023878 0.999489
1 -0.008859 -0.002771 0.446312 r -0.006225 -0.021347 0.024061 0.999464
2 -0.012143 -0.004879 0.461750 r -0.005469 -0.022448 0.024275 0.999439
3 -0.018594 -0.010958 0.479870 r -0.002868 -0.025524 0.024547 0.999370
4 -0.016917 -0.007685 0.495175 r -0.003681 -0.024708 0.024632 0.999386
5 -0.029040 -0.020333 0.509499 r -0.003347 -0.025457 0.024649 0.999368
6 -0.037902 -0.028690 0.528100 r -0.000223 -0.029073 0.024826 0.999270
7 -0.039546 -0.029312 0.542502 r -0.000039 -0.029554 0.024912 0.999254
8 -0.038095 -0.026816 0.562439 r 0.003807 -0.033422 0.024988 0.999123
9 -0.036240 -0.023738 0.577635 r 0.004516 -0.034125 0.024969 0.999097
Residuals: 57.626217
Step 59
0 -0.006645 -0.001308 0.440533 r -0.004562 -0.027621 0.024416 0.999312
1 -0.010080 -0.003085 0.455568 r -0.004006 -0.028720 0.024605 0.999278
2 -0.013585 -0.005280 0.470739 r -0.003245 -0.029799 0.024827 0.999243
3 -0.020284 -0.011458 0.488556 r -0.000640 -0.032845 0.025114 0.999146
4 -0.018824 -0.008259 0.503852 r -0.001452 -0.031993 0.025198 0.999171
5 -0.031126 -0.020991 0.517830 r -0.001117 -0.032712 0.025217 0.999148
6 -0.040233 -0.029448 0.536186 r 0.002006 -0.036299 0.025407 0.999017
7 -0.042075 -0.030138 0.550520 r 0.002189 -0.036759 0.025491 0.998998
8 -0.040907 -0.027735 0.570486 r 0.006036 -0.040613 0.025584 0.998830
9 -0.039272 -0.024734 0.585733 r 0.006755 -0.041313 0.025567 0.998798
Residuals: 54.170227
Step 60
0 -0.007039 -0.002235 0.443382 r 0.003360 -0.032183 0.024939 0.999167
1 -0.010600 -0.004263 0.458336 r 0.003919 -0.033283 0.025121 0.999124
2 -0.014231 -0.006710 0.473417 r 0.004682 -0.034362 0.025336 0.999078
3 -0.021073 -0.013188 0.491050 r 0.007289 -0.037408 0.025609 0.998946
4 -0.019715 -0.010257 0.506376 r 0.006484 -0.036546 0.025691 0.998982
5 -0.032117 -0.023234 0.520019 r 0.006821 -0.037264 0.025705 0.998953
6 -0.041368 -0.032001 0.538139 r 0.009947 -0.040850 0.025880 0.998782
7 -0.043332 -0.032926 0.552429 r 0.010130 -0.041310 0.025961 0.998759
8 -0.042340 -0.030842 0.572428 r 0.013979 -0.045161 0.026039 0.998544
9 -0.040842 -0.028083 0.587732 r 0.014698 -0.045860 0.026019 0.998502
Residuals: 55.220325
Step 61
0 -0.007554 -0.002727 0.446088 r 0.007346 -0.033598 0.025644 0.999081
1 -0.011406 -0.004987 0.461198 r 0.007946 -0.034800 0.025831 0.999030
2 -0.015308 -0.007664 0.476414 r 0.008757 -0.035975 0.026053 0.998976
3 -0.022396 -0.014393 0.494118 r 0.011415 -0.039104 0.026326 0.998824
4 -0.021322 -0.011699 0.509638 r 0.010696 -0.038332 0.026411 0.998860
5 -0.033885 -0.024884 0.523226 r 0.011075 -0.039108 0.026430 0.998826
6 -0.043330 -0.033889 0.541304 r 0.014236 -0.042735 0.026610 0.998632
7 -0.045362 -0.034950 0.555588 r 0.014424 -0.043201 0.026693 0.998607
8 -0.044457 -0.033044 0.575610 r 0.018280 -0.047053 0.026760 0.998368
9 -0.043022 -0.030416 0.590939 r 0.019003 -0.047754 0.026739 0.998322
Residuals: 59.738461
Step 62
0 -0.007648 -0.002762 0.449473 r 0.008054 -0.032953 0.026465 0.999076
1 -0.011482 -0.005058 0.464502 r 0.008661 -0.034158 0.026651 0.999025
2 -0.015364 -0.007772 0.479653 r 0.009478 -0.035336 0.026874 0.998970
3 -0.022422 -0.014545 0.497302 r 0.012143 -0.038466 0.027143 0.998819
4 -0.021320 -0.011874 0.512562 r 0.011430 -0.037698 0.027229 0.998854
5 -0.033847 -0.025105 0.526117 r 0.011814 -0.038475 0.027247 0.998820
6 -0.043256 -0.034156 0.544175 r 0.014981 -0.042102 0.027423 0.998626
7 -0.045271 -0.035245 0.558457 r 0.015172 -0.042569 0.027506 0.998601
8 -0.044354 -0.033380 0.578484 r 0.019044 -0.046424 0.027568 0.998361
9 -0.042908 -0.030777 0.593820 r 0.019773 -0.047128 0.027545 0.998315
Residuals: 58.084530
Step 63
0 -0.007413 -0.002401 0.449009 r 0.005369 -0.029929 0.027301 0.999166
1 -0.011144 -0.004625 0.464074 r 0.005978 -0.031128 0.027491 0.999121
2 -0.014920 -0.007293 0.479278 r 0.006801 -0.032279 0.027752 0.999072
3 -0.021875 -0.013980 0.497041 r 0.009459 -0.035431 0.028023 0.998936
4 -0.020678 -0.011227 0.512268 r 0.008746 -0.034658 0.028110 0.998967
5 -0.033106 -0.024473 0.525999 r 0.009166 -0.035424 0.028141 0.998936
6 -0.042404 -0.033510 0.544183 r 0.012368 -0.039038 0.028330 0.998761
7 -0.044340 -0.034579 0.558496 r 0.012586 -0.039497 0.028423 0.998737
8 -0.043308 -0.032640 0.578529 r 0.016484 -0.043346 0.028481 0.998519
9 -0.041773 -0.029963 0.593848 r 0.017225 -0.044049 0.028456 0.998477
Residuals: 59.083027
Step 64
0 -0.006866 -0.001519 0.443909 r -0.000612 -0.024425 0.028237 0.999304
1 -0.010432 -0.003563 0.459025 r 0.000001 -0.025624 0.028431 0.999269
2 -0.014039 -0.006048 0.474259 r 0.000828 -0.026775 0.028695 0.999231
3 -0.020792 -0.012526 0.492141 r 0.003491 -0.029924 0.028971 0.999127
4 -0.019425 -0.009566 0.507286 r 0.002768 -0.029147 0.029056 0.999151
5 -0.031686 -0.022661 0.521293 r 0.003189 -0.029913 0.029089 0.999126
6 -0.040775 -0.031488 0.539677 r 0.006397 -0.033525 0.029284 0.998990
7 -0.042554 -0.032380 0.554009 r 0.006616 -0.033984 0.029377 0.998970
8 -0.041308 -0.030187 0.574003 r 0.010514 -0.037829 0.029439 0.998796
9 -0.039614 -0.027317 0.589281 r 0.011253 -0.038530 0.029414 0.998763
Residuals: 53.869766
Step 65
0 -0.005802 -0.001318 0.437471 r -0.000813 -0.015504 0.029200 0.999455
1 -0.009281 -0.003365 0.452636 r -0.000185 -0.016808 0.029387 0.999428
2 -0.012791 -0.005861 0.467923 r 0.000663 -0.018066 0.029637 0.999399
3 -0.019384 -0.012362 0.485916 r 0.003355 -0.021320 0.029879 0.999322
4 -0.017910 -0.009404 0.501050 r 0.002651 -0.020640 0.029956 0.999336
5 -0.030034 -0.022540 0.515270 r 0.003097 -0.021496 0.029971 0.999317
6 -0.038907 -0.031392 0.533807 r 0.006323 -0.025188 0.030124 0.999210
7 -0.040530 -0.032295 0.548178 r 0.006553 -0.025710 0.030203 0.999193
8 -0.038974 -0.030098 0.568158 r 0.010468 -0.029564 0.030234 0.999052
9 -0.037035 -0.027217 0.583400 r 0.011209 -0.030267 0.030204 0.999024
Residuals: 53.537155
Step 66
0 -0.004406 -0.001889 0.429831 r 0.005096 -0.003488 0.030080 0.999530
1 -0.007731 -0.004160 0.445232 r 0.005758 -0.004905 0.030266 0.999515
2 -0.011072 -0.006885 0.460749 r 0.006644 -0.006280 0.030510 0.999494
3 -0.017411 -0.013647 0.478991 r 0.009374 -0.009645 0.030716 0.999439
4 -0.015620 -0.010872 0.494076 r 0.008684 -0.008984 0.030806 0.999449
5 -0.027551 -0.024217 0.508564 r 0.009153 -0.009945 0.030836 0.999435
6 -0.036106 -0.033322 0.527313 r 0.012403 -0.013723 0.030945 0.999352
7 -0.037486 -0.034413 0.541786 r 0.012649 -0.014313 0.031022 0.999338
8 -0.035540 -0.032473 0.561762 r 0.016588 -0.018205 0.030985 0.999218
9 -0.033277 -0.029776 0.576988 r 0.017340 -0.018924 0.030941 0.999193
Residuals: 45.493015
Step 67
0 -0.002932 -0.002206 0.424382 r 0.008596 0.011523 0.031117 0.999414
1 -0.005942 -0.004704 0.439991 r 0.009318 0.010034 0.031287 0.999418
2 -0.008963 -0.007648 0.455713 r 0.010264 0.008588 0.031517 0.999415
3 -0.014875 -0.014644 0.474212 r 0.013056 0.005158 0.031676 0.999401
4 -0.012665 -0.011985 0.489237 r 0.012382 0.005806 0.031779 0.999403
5 -0.024231 -0.025531 0.504083 r 0.012900 0.004793 0.031801 0.999401
6 -0.032285 -0.034844 0.523097 r 0.016195 0.000975 0.031849 0.999363
7 -0.033306 -0.036079 0.537658 r 0.016474 0.000354 0.031925 0.999356
8 -0.030819 -0.034313 0.557635 r 0.020444 -0.003559 0.031813 0.999280
9 -0.028127 -0.031730 0.572828 r 0.021209 -0.004287 0.031754 0.999263
Residuals: 43.617531
Step 68
0 -0.002089 -0.002294 0.435385 r 0.008797 0.019672 0.032382 0.999245
1 -0.004836 -0.004768 0.451020 r 0.009512 0.018187 0.032544 0.999261
2 -0.007551 -0.007611 0.466820 r 0.010413 0.016743 0.032758 0.999270
3 -0.013110 -0.014525 0.485448 r 0.013168 0.013313 0.032881 0.999285
4 -0.010665 -0.011831 0.500376 r 0.012485 0.013959 0.032989 0.999282
5 -0.021938 -0.025338 0.515448 r 0.012978 0.012932 0.032995 0.999289
6 -0.029648 -0.034615 0.534626 r 0.016259 0.009103 0.033006 0.999283
7 -0.030424 -0.035811 0.549236 r 0.016527 0.008476 0.033071 0.999282
8 -0.027620 -0.034010 0.569208 r 0.020496 0.004558 0.032932 0.999239
9 -0.024691 -0.031409 0.584378 r 0.021257 0.003829 0.032870 0.999228
Residuals: 35.816563
Step 69
0 -0.002096 -0.002071 0.440889 r 0.005925 0.022103 0.033562 0.999176
1 -0.004911 -0.004419 0.456507 r 0.006635 0.020550 0.033721 0.999199
2 -0.007580 -0.007167 0.472252 r 0.007537 0.019095 0.033935 0.999215
3 -0.013068 -0.013976 0.490874 r 0.010296 0.015656 0.034060 0.999245
4 -0.010675 -0.011153 0.505749 r 0.009594 0.016246 0.034163 0.999240
5 -0.021869 -0.024594 0.520908 r 0.010088 0.015210 0.034169 0.999251
6 -0.029489 -0.033772 0.540143 r 0.013373 0.011378 0.034182 0.999263
7 -0.030210 -0.034880 0.554736 r 0.013641 0.010745 0.034246 0.999264
8 -0.027331 -0.032952 0.574666 r 0.017613 0.006828 0.034110 0.999241
9 -0.024346 -0.030253 0.589797 r 0.018374 0.006097 0.034048 0.999235
Residuals: 43.714237
Step 70
0 -0.002619 -0.001636 0.439867 r -0.000374 0.018042 0.034613 0.999240
1 -0.005392 -0.003957 0.455729 r 0.000409 0.016561 0.034789 0.999259
2 -0.008030 -0.006678 0.471640 r 0.001383 0.015182 0.035029 0.999272
3 -0.013508 -0.013418 0.490437 r 0.004213 0.011822 0.035198 0.999303
4 -0.011101 -0.010555 0.505435 r 0.003602 0.012488 0.035290 0.999294
5 -0.022271 -0.023947 0.520758 r 0.004149 0.011517 0.035312 0.999303
6 -0.029928 -0.033000 0.540112 r 0.007482 0.007744 0.035365 0.999318
7 -0.030692 -0.033998 0.554759 r 0.007783 0.007154 0.035436 0.999318
8 -0.027927 -0.031873 0.574717 r 0.011792 0.003271 0.035336 0.999302
9 -0.025051 -0.029006 0.589840 r 0.012567 0.002556 0.035280 0.999297
Residuals: 47.857040
Step 71
0 -0.003513 -0.001455 0.431699 r -0.003380 0.008691 0.035555 0.999326
1 -0.006568 -0.003700 0.447376 r -0.002605 0.007222 0.035742 0.999333
2 -0.009490 -0.006341 0.463115 r -0.001643 0.005853 0.035994 0.999335
3 -0.015300 -0.012989 0.481719 r 0.001176 0.002503 0.036198 0.999342
4 -0.013176 -0.010034 0.496606 r 0.000547 0.003174 0.036282 0.999338
5 -0.024602 -0.023359 0.511697 r 0.001081 0.002210 0.036312 0.999339
6 -0.032600 -0.032316 0.530882 r 0.004405 -0.001556 0.036406 0.999328
7 -0.033635 -0.033232 0.545470 r 0.004698 -0.002142 0.036482 0.999323
8 -0.031248 -0.030987 0.565443 r 0.008704 -0.006020 0.036429 0.999282
9 -0.028659 -0.028027 0.580604 r 0.009477 -0.006732 0.036382 0.999272
Residuals: 47.813629
Step 72
0 -0.005133 -0.002467 0.425581 r 0.002704 -0.006846 0.037065 0.999288
1 -0.008668 -0.004937 0.441113 r 0.003482 -0.008319 0.037254 0.999267
2 -0.012069 -0.007803 0.456705 r 0.004447 -0.009690 0.037512 0.999241
3 -0.018432 -0.014722 0.475020 r 0.007270 -0.013037 0.037737 0.999178
4 -0.016798 -0.011980 0.489988 r 0.006645 -0.012376 0.037813 0.999188
5 -0.028648 -0.025545 0.504533 r 0.007183 -0.013340 0.037845 0.999171
6 -0.037210 -0.034785 0.523338 r 0.010513 -0.017102 0.037965 0.999079
7 -0.038690 -0.035901 0.537870 r 0.010806 -0.017689 0.038041 0.999063
8 -0.036924 -0.033917 0.557936 r 0.014819 -0.021561 0.038024 0.998936
9 -0.034808 -0.031151 0.573207 r 0.015594 -0.022271 0.037984 0.998910
Residuals: 39.993992
Step 73
0 -0.006919 -0.002768 0.427854 r 0.005129 -0.019287 0.038491 0.999062
1 -0.010951 -0.005490 0.443471 r 0.005963 -0.020794 0.038703 0.999018
2 -0.014842 -0.008599 0.459130 r 0.006982 -0.022198 0.038986 0.998970
3 -0.021738 -0.015772 0.477386 r 0.009860 -0.025572 0.039252 0.998855
4 -0.020581 -0.013259 0.492555 r 0.009317 -0.024958 0.039322 0.998873
5 -0.032771 -0.026965 0.506738 r 0.009858 -0.025931 0.039356 0.998842
6 -0.041782 -0.036359 0.525279 r 0.013196 -0.029689 0.039507 0.998693
7 -0.043626 -0.037578 0.539772 r 0.013494 -0.030278 0.039585 0.998668
8 -0.042370 -0.035720 0.559890 r 0.017516 -0.034143 0.039605 0.998480
9 -0.040644 -0.033046 0.575222 r 0.018295 -0.034853 0.039573 0.998443
Residuals: 39.680405
Step 74
0 -0.008424 -0.002639 0.438142 r 0.004316 -0.029021 0.039989 0.998771
1 -0.012753 -0.005367 0.453571 r 0.005130 -0.030527 0.040214 0.998713
2 -0.016944 -0.008472 0.469063 r 0.006116 -0.031935 0.040511 0.998652
3 -0.024183 -0.015638 0.487115 r 0.008954 -0.035311 0.040809 0.998504
4 -0.023330 -0.013088 0.502068 r 0.008364 -0.034711 0.040874 0.998528
5 -0.035773 -0.026797 0.516025 r 0.008860 -0.035696 0.040913 0.998488
6 -0.045134 -0.036177 0.534400 r 0.012163 -0.039461 0.041097 0.998303
7 -0.047272 -0.037368 0.548858 r 0.012431 -0.040060 0.041176 0.998273
8 -0.046424 -0.035469 0.568987 r 0.016442 -0.043926 0.041237 0.998049
9 -0.045012 -0.032765 0.584345 r 0.017219 -0.044639 0.041213 0.998006
Residuals: 49.773331
Step 75
0 -0.009613 -0.001968 0.443572 r 0.000054 -0.036538 0.041539 0.998471
1 -0.014177 -0.004589 0.458921 r 0.000872 -0.038046 0.041778 0.998404
2 -0.018601 -0.007586 0.474330 r 0.001861 -0.039454 0.042089 0.998335
3 -0.026101 -0.014631 0.492278 r 0.004706 -0.042827 0.042423 0.998172
4 -0.025505 -0.011959 0.507191 r 0.004116 -0.042238 0.042479 0.998198
5 -0.038126 -0.025594 0.521021 r 0.004616 -0.043225 0.042526 0.998151
6 -0.047744 -0.034855 0.539286 r 0.007925 -0.046985 0.042750 0.997951
7 -0.050102 -0.035938 0.553692 r 0.008195 -0.047584 0.042834 0.997916
8 -0.049571 -0.033877 0.573812 r 0.012212 -0.051444 0.042942 0.997679
9 -0.048405 -0.031046 0.589172 r 0.012990 -0.052157 0.042926 0.997633
Residuals: 56.683826
Step 76
0 -0.010281 -0.002082 0.448130 r 0.001932 -0.040702 0.042840 0.998253
1 -0.015338 -0.004830 0.463706 r 0.002808 -0.042365 0.043112 0.998170
2 -0.020246 -0.007961 0.479330 r 0.003875 -0.043940 0.043463 0.998083
3 -0.028258 -0.015156 0.497419 r 0.006808 -0.047475 0.043874 0.997887
4 -0.028150 -0.012657 0.512569 r 0.006353 -0.047033 0.043957 0.997907
5 -0.041172 -0.026452 0.526384 r 0.006934 -0.048151 0.044073 0.997845
6 -0.051188 -0.035879 0.544637 r 0.010313 -0.052011 0.044359 0.997609
7 -0.053859 -0.037072 0.559098 r 0.010631 -0.052687 0.044483 0.997565
8 -0.053550 -0.035119 0.579239 r 0.014661 -0.056543 0.044602 0.997297
9 -0.052551 -0.032366 0.594621 r 0.015442 -0.057257 0.044589 0.997246
Residuals: 69.098259
Step 77
0 -0.010908 -0.002054 0.449927 r 0.002596 -0.043680 0.044203 0.998066
1 -0.016046 -0.004844 0.465336 r 0.003477 -0.045345 0.044478 0.997977
2 -0.021037 -0.008018 0.480825 r 0.004548 -0.046923 0.044831 0.997883
3 -0.029136 -0.015267 0.498782 r 0.007486 -0.050458 0.045248 0.997674
4 -0.029091 -0.012789 0.513524 r 0.007033 -0.050020 0.045330 0.997696
5 -0.042159 -0.026644 0.527205 r 0.007617 -0.051140 0.045447 0.997630
6 -0.052258 -0.036129 0.545363 r 0.011002 -0.054998 0.045740 0.997379
7 -0.055015 -0.037353 0.559801 r 0.011321 -0.055676 0.045864 0.997332
8 -0.054835 -0.035433 0.579945 r 0.015358 -0.059529 0.045992 0.997050
9 -0.053939 -0.032703 0.595339 r 0.016144 -0.060245 0.045980 0.996995
Residuals: 58.314018
Step 78
0 -0.011355 -0.001484 0.451926 r -0.000533 -0.044674 0.045832 0.997952
1 -0.016532 -0.004182 0.467347 r 0.000340 -0.046349 0.046107 0.997863
2 -0.021624 -0.007237 0.482913 r 0.001367 -0.047978 0.046444 0.997769
3 -0.029808 -0.014393 0.500963 r 0.004294 -0.051536 0.046873 0.997563
4 -0.029815 -0.011811 0.515680 r 0.003834 -0.051104 0.046951 0.997584
5 -0.042927 -0.025593 0.529461 r 0.004390 -0.052261 0.047060 0.997516
6 -0.053051 -0.034970 0.547670 r 0.007763 -0.056107 0.047366 0.997272
7 -0.055869 -0.036096 0.562131 r 0.008069 -0.056806 0.047486 0.997224
8 -0.055769 -0.034047 0.582273 r 0.012114 -0.060666 0.047631 0.996949
9 -0.054929 -0.031215 0.597654 r 0.012903 -0.061387 0.047622 0.996896
Residuals: 55.015972
Step 79
0 -0.011073 -0.001561 0.453865 r 0.002034 -0.043589 0.047385 0.997925
1 -0.016218 -0.004351 0.469285 r 0.002909 -0.045268 0.047656 0.997835
2 -0.021269 -0.007497 0.484781 r 0.003938 -0.046902 0.047988 0.997740
3 -0.029392 -0.014767 0.502757 r 0.006870 -0.050460 0.048405 0.997530
4 -0.029384 -0.012257 0.517490 r 0.006411 -0.050034 0.048485 0.997551
5 -0.042420 -0.026148 0.531194 r 0.006967 -0.051193 0.048590 0.997484
6 -0.052473 -0.035646 0.549352 r 0.010346 -0.055037 0.048882 0.997235
7 -0.055256 -0.036852 0.563795 r 0.010652 -0.055738 0.049000 0.997187
8 -0.055132 -0.034902 0.583950 r 0.014707 -0.059602 0.049131 0.996906
9 -0.054271 -0.032145 0.599350 r 0.015498 -0.060327 0.049120 0.996851
Residuals: 58.058575
Step 80
0 -0.010909 -0.001715 0.451450 r 0.004520 -0.040558 0.048610 0.997986
1 -0.015953 -0.004594 0.466887 r 0.005399 -0.042238 0.048875 0.997899
2 -0.020902 -0.007827 0.482399 r 0.006432 -0.043872 0.049200 0.997806
3 -0.028895 -0.015203 0.500390 r 0.009370 -0.047428 0.049599 0.997600
4 -0.028803 -0.012763 0.515127 r 0.008911 -0.047003 0.049682 0.997621
5 -0.041719 -0.026754 0.528847 r 0.009469 -0.048162 0.049783 0.997555
6 -0.051634 -0.036363 0.547023 r 0.012853 -0.052003 0.050055 0.997311
7 -0.054323 -0.037643 0.561477 r 0.013161 -0.052704 0.050170 0.997264
8 -0.054084 -0.035791 0.581648 r 0.017225 -0.056565 0.050279 0.996985
9 -0.053135 -0.033103 0.597060 r 0.018018 -0.057291 0.050263 0.996931
Residuals: 57.528297
Step 81
0 -0.010615 -0.000965 0.450416 r 0.000041 -0.035729 0.050308 0.998096
1 -0.015518 -0.003722 0.465927 r 0.000930 -0.037411 0.050578 0.998021
2 -0.020323 -0.006832 0.481514 r 0.001972 -0.039045 0.050907 0.997940
3 -0.028135 -0.014070 0.499647 r 0.004922 -0.042599 0.051310 0.997763
4 -0.027921 -0.011497 0.514358 r 0.004468 -0.042177 0.051393 0.997780
5 -0.040673 -0.025403 0.528328 r 0.005032 -0.043337 0.051497 0.997722
6 -0.050395 -0.034875 0.546685 r 0.008427 -0.047174 0.051772 0.997511
7 -0.052951 -0.036029 0.561175 r 0.008739 -0.047875 0.051889 0.997468
8 -0.052540 -0.033994 0.581328 r 0.012818 -0.051736 0.051996 0.997226
9 -0.051461 -0.031160 0.596707 r 0.013616 -0.052463 0.051980 0.997178
Residuals: 57.810188
Step 82
0 -0.009731 -0.000905 0.446377 r 0.001305 -0.027924 0.051889 0.998263
1 -0.014711 -0.003783 0.462093 r 0.002250 -0.029753 0.052178 0.998194
2 -0.019566 -0.007017 0.477872 r 0.003354 -0.031532 0.052524 0.998118
3 -0.027344 -0.014395 0.496217 r 0.006373 -0.035215 0.052921 0.997959
4 -0.026957 -0.011873 0.510942 r 0.005937 -0.034814 0.053011 0.997971
5 -0.039641 -0.025915 0.525149 r 0.006559 -0.036079 0.053124 0.997917
6 -0.049214 -0.035510 0.543681 r 0.010008 -0.039996 0.053387 0.997724
7 -0.051686 -0.036747 0.558238 r 0.010357 -0.040759 0.053516 0.997683
8 -0.051059 -0.034793 0.578409 r 0.014479 -0.044656 0.053588 0.997461
9 -0.049786 -0.032005 0.593777 r 0.015294 -0.045398 0.053563 0.997417
Residuals: 60.522797
Step 83
0 -0.008937 -0.001162 0.439524 r 0.004372 -0.018107 0.053039 0.998421
1 -0.013630 -0.004149 0.455341 r 0.005329 -0.019949 0.053313 0.998367
2 -0.018368 -0.007575 0.471333 r 0.006498 -0.021806 0.053637 0.998303
3 -0.025946 -0.015160 0.489917 r 0.009585 -0.025558 0.053990 0.998170
4 -0.025301 -0.012731 0.504609 r 0.009163 -0.025168 0.054084 0.998179
5 -0.037802 -0.026951 0.519091 r 0.009841 -0.026487 0.054186 0.998133
6 -0.047100 -0.036728 0.537841 r 0.013342 -0.030445 0.054410 0.997967
7 -0.049381 -0.038090 0.552501 r 0.013728 -0.031241 0.054542 0.997930
8 -0.048429 -0.036296 0.572726 r 0.017890 -0.035162 0.054557 0.997733
9 -0.046887 -0.033610 0.588107 r 0.018719 -0.035917 0.054519 0.997693
Residuals: 53.735313
Step 84
0 -0.007818 -0.000311 0.433779 r -0.000094 -0.006474 0.054806 0.998478
1 -0.012142 -0.003154 0.449715 r 0.000871 -0.008314 0.055078 0.998449
2 -0.016505 -0.006434 0.465806 r 0.002049 -0.010169 0.055399 0.998413
3 -0.023634 -0.013857 0.484606 r 0.005148 -0.013916 0.055735 0.998337
4 -0.022664 -0.011275 0.499216 r 0.004727 -0.013526 0.055832 0.998340
5 -0.034786 -0.025391 0.514114 r 0.005409 -0.014845 0.055933 0.998312
6 -0.043625 -0.035009 0.533168 r 0.008921 -0.018797 0.056137 0.998208
7 -0.045565 -0.036223 0.547889 r 0.009307 -0.019592 0.056267 0.998182
8 -0.044157 -0.034213 0.568089 r 0.013471 -0.023506 0.056254 0.998051
9 -0.042274 -0.031363 0.583429 r 0.014299 -0.024259 0.056211 0.998024
Residuals: 48.648815
Step 85
0 -0.006070 -0.000174 0.422584 r 0.000694 0.008217 0.056487 0.998371
1 -0.010126 -0.003162 0.438817 r 0.001734 0.006304 0.056769 0.998368
2 -0.014196 -0.006577 0.455184 r 0.002984 0.004383 0.057092 0.998357
3 -0.020772 -0.014043 0.474213 r 0.006102 0.000634 0.057385 0.998335
4 -0.019405 -0.011480 0.488814 r 0.005694 0.001014 0.057488 0.998332
5 -0.031060 -0.025653 0.504075 r 0.006386 -0.000308 0.057582 0.998323
6 -0.039322 -0.035315 0.523392 r 0.009913 -0.004260 0.057734 0.998276
7 -0.040891 -0.036580 0.538214 r 0.010329 -0.005082 0.057866 0.998260
8 -0.038909 -0.034577 0.558372 r 0.014503 -0.008993 0.057792 0.998185
9 -0.036591 -0.031727 0.573649 r 0.015333 -0.009747 0.057736 0.998169
Residuals: 43.960049
Step 86
0 -0.005287 -0.000226 0.426744 r -0.000263 0.015710 0.057761 0.998209
1 -0.009087 -0.003183 0.442988 r 0.000788 0.013800 0.058039 0.998221
2 -0.012897 -0.006570 0.459380 r 0.002054 0.011883 0.058357 0.998225
3 -0.019164 -0.014009 0.478516 r 0.005191 0.008140 0.058633 0.998235
4 -0.017577 -0.011414 0.493055 r 0.004802 0.008523 0.058739 0.998228
5 -0.028959 -0.025586 0.508514 r 0.005511 0.007206 0.058829 0.998229
6 -0.036900 -0.035226 0.527968 r 0.009058 0.003263 0.058962 0.998216
7 -0.038239 -0.036464 0.542809 r 0.009486 0.002445 0.059092 0.998207
8 -0.035958 -0.034408 0.562928 r 0.013671 -0.001458 0.058991 0.998166
9 -0.033419 -0.031514 0.578161 r 0.014504 -0.002209 0.058930 0.998156
Residuals: 43.565525
Step 87
0 -0.005433 0.000060 0.430972 r -0.003556 0.016489 0.058909 0.998123
1 -0.009216 -0.002788 0.447221 r -0.002507 0.014578 0.059192 0.998140
2 -0.013008 -0.006064 0.463625 r -0.001243 0.012660 0.059515 0.998149
3 -0.019242 -0.013381 0.482805 r 0.001895 0.008918 0.059801 0.998171
4 -0.017654 -0.010675 0.497295 r 0.001499 0.009297 0.059906 0.998162
5 -0.029034 -0.024721 0.512810 r 0.002187 0.007959 0.059997 0.998167
6 -0.036971 -0.034210 0.532298 r 0.005717 0.004002 0.060136 0.998168
7 -0.038321 -0.035321 0.547125 r 0.006130 0.003170 0.060264 0.998161
8 -0.036026 -0.033121 0.567224 r 0.010318 -0.000731 0.060174 0.998136
9 -0.033479 -0.030116 0.582433 r 0.011150 -0.001482 0.060116 0.998130
Residuals: 44.559883
Step 88
0 -0.005865 -0.000459 0.433086 r -0.001283 0.010951 0.060182 0.998129
1 -0.009783 -0.003447 0.449482 r -0.000210 0.009062 0.060467 0.998132
2 -0.013711 -0.006860 0.466013 r 0.001074 0.007168 0.060792 0.998127
3 -0.020131 -0.014340 0.485262 r 0.004240 0.003418 0.061085 0.998120
4 -0.018691 -0.011773 0.499938 r 0.003898 0.003801 0.061183 0.998114
5 -0.030200 -0.025963 0.515422 r 0.004603 0.002457 0.061274 0.998110
6 -0.038321 -0.035603 0.534899 r 0.008151 -0.001502 0.061421 0.998080
7 -0.039826 -0.036816 0.549787 r 0.008574 -0.002338 0.061548 0.998067
8 -0.037748 -0.034739 0.569951 r 0.012784 -0.006231 0.061469 0.998010
9 -0.035372 -0.031819 0.585200 r 0.013624 -0.006982 0.061413 0.997997
Residuals: 50.635479
Step 89
0 -0.007298 -0.001636 0.426069 r 0.006459 -0.000101 0.061261 0.998103
1 -0.011574 -0.004911 0.442127 r 0.007533 -0.002003 0.061543 0.998077
2 -0.015864 -0.008613 0.458327 r 0.008817 -0.003915 0.061866 0.998040
3 -0.022696 -0.016433 0.477163 r 0.011982 -0.007683 0.062163 0.997967
4 -0.021594 -0.014106 0.491711 r 0.011632 -0.007323 0.062262 0.997968
5 -0.033423 -0.028582 0.506608 r 0.012336 -0.008689 0.062349 0.997943
6 -0.041959 -0.038565 0.525673 r 0.015883 -0.012665 0.062502 0.997841
7 -0.043793 -0.040031 0.540460 r 0.016303 -0.013517 0.062627 0.997814
8 -0.042159 -0.038288 0.560682 r 0.020515 -0.017414 0.062561 0.997680
9 -0.040124 -0.035617 0.576039 r 0.021353 -0.018173 0.062507 0.997653
Residuals: 44.382717
Step 90
0 -0.008516 -0.001975 0.425416 r 0.007889 -0.009427 0.061368 0.998042
1 -0.013215 -0.005441 0.441534 r 0.009008 -0.011379 0.061660 0.997994
2 -0.017917 -0.009330 0.457779 r 0.010336 -0.013338 0.061992 0.997936
3 -0.025208 -0.017337 0.476577 r 0.013545 -0.017147 0.062315 0.997820
4 -0.024448 -0.015185 0.491240 r 0.013281 -0.016842 0.062417 0.997822
5 -0.036633 -0.029809 0.505936 r 0.014025 -0.018240 0.062512 0.997781
6 -0.045584 -0.039946 0.524855 r 0.017604 -0.022240 0.062689 0.997633
7 -0.047739 -0.041528 0.539640 r 0.018050 -0.023112 0.062816 0.997596
8 -0.046515 -0.039914 0.559920 r 0.022289 -0.027023 0.062777 0.997415
9 -0.044773 -0.037318 0.575326 r 0.023131 -0.027784 0.062729 0.997378
Residuals: 42.538700
Step 91
0 -0.009442 -0.001857 0.432658 r 0.006000 -0.016328 0.061493 0.997958
1 -0.014378 -0.005287 0.448664 r 0.007121 -0.018284 0.061798 0.997898
2 -0.019317 -0.009138 0.464808 r 0.008449 -0.020247 0.062144 0.997828
3 -0.026878 -0.017098 0.483487 r 0.011658 -0.024059 0.062496 0.997689
4 -0.026326 -0.014908 0.497963 r 0.011398 -0.023759 0.062596 0.997694
5 -0.038721 -0.029497 0.512510 r 0.012143 -0.025160 0.062698 0.997644
6 -0.047943 -0.039584 0.531321 r 0.015722 -0.029161 0.062906 0.997472
7 -0.050310 -0.041126 0.546078 r 0.016168 -0.030035 0.063038 0.997430
8 -0.049386 -0.039472 0.566388 r 0.020423 -0.033953 0.063033 0.997227
9 -0.047865 -0.036838 0.581810 r 0.021271 -0.034718 0.062992 0.997186
Residuals: 40.997498
Step 92
0 -0.010111 -0.001319 0.435410 r 0.000890 -0.021140 0.061635 0.997877
1 -0.015217 -0.004606 0.451396 r 0.002013 -0.023096 0.061957 0.997812
2 -0.020328 -0.008313 0.467523 r 0.003344 -0.025059 0.062320 0.997738
3 -0.028085 -0.016103 0.486198 r 0.006556 -0.028871 0.062709 0.997595
4 -0.027685 -0.013783 0.500646 r 0.006301 -0.028572 0.062805 0.997599
5 -0.040233 -0.028240 0.515204 r 0.007048 -0.029974 0.062919 0.997546
6 -0.049649 -0.038152 0.534014 r 0.010630 -0.033973 0.063165 0.997371
7 -0.052169 -0.039557 0.548760 r 0.011078 -0.034847 0.063304 0.997326
8 -0.051462 -0.037723 0.569073 r 0.015344 -0.038768 0.063338 0.997123
9 -0.050101 -0.034946 0.584494 r 0.016198 -0.039535 0.063305 0.997082
Residuals: 47.254116
Step 93
0 -0.010401 -0.001461 0.435437 r 0.001987 -0.023326 0.061768 0.997818
1 -0.015586 -0.004794 0.451393 r 0.003112 -0.025288 0.062091 0.997748
2 -0.020775 -0.008547 0.467489 r 0.004446 -0.027255 0.062456 0.997668
3 -0.028618 -0.016389 0.486112 r 0.007660 -0.031071 0.062848 0.997512
4 -0.028289 -0.014110 0.500557 r 0.007408 -0.030777 0.062944 0.997517
5 -0.040901 -0.028609 0.515025 r 0.008157 -0.032181 0.063058 0.997460
6 -0.050399 -0.038574 0.533770 r 0.011741 -0.036183 0.063308 0.997271
7 -0.052986 -0.040019 0.548501 r 0.012190 -0.037058 0.063446 0.997225
8 -0.052379 -0.038241 0.568827 r 0.016461 -0.040987 0.063485 0.997007
9 -0.051090 -0.035503 0.584264 r 0.017318 -0.041758 0.063452 0.996963
Residuals: 51.775822
Step 94
0 -0.010650 -0.001438 0.437252 r 0.000964 -0.022854 0.061958 0.997819
1 -0.016114 -0.004873 0.453440 r 0.002134 -0.024929 0.062295 0.997747
2 -0.021562 -0.008722 0.469747 r 0.003515 -0.027004 0.062675 0.997665
3 -0.029634 -0.016647 0.488560 r 0.006778 -0.030914 0.063084 0.997509
4 -0.029346 -0.014367 0.503018 r 0.006542 -0.030635 0.063180 0.997513
5 -0.042117 -0.028937 0.517633 r 0.007338 -0.032111 0.063305 0.997453
6 -0.051740 -0.038946 0.536483 r 0.010962 -0.036170 0.063565 0.997264
7 -0.054419 -0.040421 0.551274 r 0.011443 -0.037090 0.063707 0.997216
8 -0.053895 -0.038672 0.571630 r 0.015754 -0.041053 0.063746 0.996999
9 -0.052635 -0.035934 0.587061 r 0.016628 -0.041842 0.063711 0.996955
Residuals: 53.215408
Step 95
0 -0.010395 -0.001875 0.436086 r 0.004879 -0.020469 0.062194 0.997845
1 -0.015781 -0.005441 0.452160 r 0.006056 -0.022550 0.062521 0.997773
2 -0.021148 -0.009421 0.468369 r 0.007445 -0.024631 0.062892 0.997691
3 -0.029124 -0.017497 0.487085 r 0.010715 -0.028547 0.063279 0.997532
4 -0.028769 -0.015332 0.501510 r 0.010485 -0.028273 0.063376 0.997537
5 -0.041460 -0.030023 0.516038 r 0.011286 -0.029753 0.063495 0.997477
6 -0.050983 -0.040185 0.534837 r 0.014915 -0.033815 0.063730 0.997285
7 -0.053588 -0.041776 0.549624 r 0.015398 -0.034738 0.063869 0.997237
8 -0.052973 -0.040190 0.570016 r 0.019718 -0.038708 0.063881 0.997014
9 -0.051641 -0.037572 0.585492 r 0.020595 -0.039500 0.063841 0.996968
Residuals: 53.349979
Step 96
0 -0.010054 -0.001947 0.437274 r 0.004467 -0.015638 0.062160 0.997936
1 -0.015552 -0.005660 0.453615 r 0.005712 -0.017821 0.062499 0.997872
2 -0.021007 -0.009781 0.470069 r 0.007173 -0.019997 0.062881 0.997797
3 -0.029021 -0.017983 0.489032 r 0.010515 -0.023996 0.063272 0.997655
4 -0.028574 -0.015834 0.503465 r 0.010307 -0.023734 0.063371 0.997657
5 -0.041279 -0.030628 0.518233 r 0.011174 -0.025273 0.063501 0.997601
6 -0.050744 -0.040868 0.537207 r 0.014861 -0.029381 0.063730 0.997426
7 -0.053295 -0.042521 0.552071 r 0.015389 -0.030339 0.063873 0.997380
8 -0.052567 -0.040988 0.572491 r 0.019755 -0.034339 0.063865 0.997174
9 -0.051121 -0.038384 0.587952 r 0.020653 -0.035146 0.063819 0.997131
Residuals: 52.110565
Step 97
0 -0.009314 -0.001496 0.432676 r 0.001298 -0.009312 0.062212 0.998021
1 -0.014611 -0.005094 0.449010 r 0.002547 -0.011495 0.062551 0.997975
2 -0.019865 -0.009099 0.465479 r 0.004012 -0.013671 0.062933 0.997919
3 -0.027646 -0.017168 0.484533 r 0.007360 -0.017671 0.063318 0.997812
4 -0.027022 -0.014917 0.498889 r 0.007152 -0.017409 0.063417 0.997812
5 -0.039546 -0.029607 0.513886 r 0.008021 -0.018949 0.063547 0.997769
6 -0.048779 -0.039714 0.533034 r 0.011712 -0.023058 0.063768 0.997632
7 -0.051146 -0.041255 0.547930 r 0.012239 -0.024016 0.063911 0.997594
8 -0.050168 -0.039572 0.568350 r 0.016601 -0.028016 0.063890 0.997428
9 -0.048534 -0.036858 0.583806 r 0.017496 -0.028823 0.063842 0.997393
Residuals: 47.367382
Step 98
0 -0.008410 -0.000789 0.425028 r -0.004071 -0.000476 0.062343 0.998049
1 -0.013537 -0.004229 0.441495 r -0.002803 -0.002717 0.062676 0.998029
2 -0.018614 -0.008078 0.458101 r -0.001319 -0.004954 0.063042 0.998000
3 -0.026167 -0.015962 0.477381 r 0.002046 -0.009013 0.063403 0.997948
4 -0.025394 -0.013564 0.491690 r 0.001851 -0.008808 0.063489 0.997945
5 -0.037743 -0.028107 0.507068 r 0.002734 -0.010398 0.063609 0.997919
6 -0.046720 -0.038012 0.526486 r 0.006436 -0.014548 0.063814 0.997838
7 -0.048886 -0.039397 0.541449 r 0.006974 -0.015536 0.063949 0.997810
8 -0.047582 -0.037481 0.561835 r 0.011339 -0.019542 0.063916 0.997702
9 -0.045698 -0.034587 0.577228 r 0.012236 -0.020350 0.063864 0.997679
Residuals: 46.620373
Step 99
0 -0.008055 -0.000730 0.422628 r -0.005067 0.004858 0.062160 0.998044
1 -0.013261 -0.004267 0.439392 r -0.003709 0.002498 0.062511 0.998037
2 -0.018394 -0.008208 0.456275 r -0.002132 0.000151 0.062896 0.998020
3 -0.025949 -0.016167 0.475837 r 0.001322 -0.004004 0.063267 0.997990
4 -0.025061 -0.013765 0.490117 r 0.001148 -0.003814 0.063354 0.997986
5 -0.037393 -0.028365 0.505779 r 0.002104 -0.005470 0.063488 0.997968
6 -0.046328 -0.038311 0.525400 r 0.005865 -0.009671 0.063703 0.997907
7 -0.048447 -0.039726 0.540451 r 0.006445 -0.010694 0.063854 0.997884
8 -0.046956 -0.037785 0.560825 r 0.010817 -0.014705 0.063803 0.997798
9 -0.044940 -0.034886 0.576192 r 0.011730 -0.015526 0.063746 0.997779
Residuals: 45.513863
Step 100
0 -0.008475 -0.001542 0.425052 r 0.001668 0.000459 0.062101 0.998071
1 -0.013804 -0.005312 0.441683 r 0.003025 -0.001898 0.062441 0.998045
2 -0.019062 -0.009487 0.458441 r 0.004599 -0.004244 0.062814 0.998008
3 -0.026765 -0.017718 0.477811 r 0.008049 -0.008398 0.063168 0.997938
4 -0.025981 -0.015511 0.492063 r 0.007871 -0.008204 0.063256 0.997935
5 -0.038399 -0.030328 0.507354 r 0.008821 -0.009841 0.063378 0.997904
6 -0.047458 -0.040547 0.526718 r 0.012576 -0.014027 0.063574 0.997802
7 -0.049673 -0.042171 0.541709 r 0.013152 -0.015039 0.063715 0.997771
8 -0.048326 -0.040505 0.562108 r 0.017511 -0.019037 0.063653 0.997639
9 -0.046427 -0.037817 0.577557 r 0.018419 -0.019853 0.063594 0.997611
Residuals: 41.363598
# Kernel took: 382816562594	 Simulation took: 382816667144