# model_id: 98
# scene-count: 1
# substeps: 150
# Using ./resources/square_bowl000.obj
# Using ./resources/square_bowl001.obj
# Using ./resources/square_bowl002.obj
# Using ./resources/square_bowl003.obj
# Using ./resources/square_bowl004.obj
# Using ./resources/square_bowl005.obj
# Using ./resources/square_bowl006.obj
# Using ./resources/square_bowl007.obj
# Using ./resources/square_bowl008.obj
# Body count: 10
# Constraint count: 0
# Gravity: [0.000000 0.000000 -980.000000]
# Ground size: 20.000000
# Time Step: 0.010000
# End Time: 1.000000
# Steps: 100
# Substeps: 150
# Iterations: ->5 <-25
# Running on CPU #
# Starting 1 threads and sims = 1
Step 0
0 -0.000004 -0.000013 0.427276 r 0.000000 0.000000 0.000000 1.000000
1 -0.000004 -0.000013 0.437275 r 0.000000 0.000000 0.000000 1.000000
2 -0.000004 -0.000013 0.447276 r 0.000000 0.000000 0.000000 1.000000
3 -0.000004 -0.000013 0.457276 r 0.000000 0.000000 0.000000 1.000000
4 -0.000004 -0.000013 0.467276 r 0.000000 0.000000 0.000000 1.000000
5 -0.000004 -0.000013 0.477275 r 0.000000 0.000000 0.000000 1.000000
6 -0.000004 -0.000013 0.487276 r 0.000000 0.000000 0.000000 1.000000
7 -0.000004 -0.000013 0.497276 r 0.000000 0.000000 0.000000 1.000000
8 -0.000004 -0.000013 0.507276 r 0.000000 0.000000 0.000000 1.000000
9 -0.000004 -0.000013 0.517276 r 0.000000 0.000000 0.000000 1.000000
Step 1
0 0.000085 0.000187 0.419565 r -0.001383 0.000629 -0.000036 0.999999
1 0.000072 0.000138 0.434401 r -0.001174 0.000637 0.000008 0.999999
2 0.000103 0.000103 0.449124 r -0.000978 0.000688 0.000049 0.999999
3 0.000162 0.000055 0.463757 r -0.000770 0.000768 0.000086 0.999999
4 0.000242 -0.000012 0.478300 r -0.000554 0.000863 0.000114 0.999999
5 0.000336 -0.000093 0.492741 r -0.000345 0.000962 0.000132 0.999999
6 0.000434 -0.000172 0.507065 r -0.000167 0.001055 0.000140 0.999999
7 0.000525 -0.000238 0.521265 r -0.000035 0.001132 0.000141 0.999999
8 0.000598 -0.000285 0.535342 r 0.000044 0.001181 0.000139 0.999999
9 0.000644 -0.000309 0.549299 r 0.000070 0.001194 0.000135 0.999999
Residuals: 31.872927
Step 2
0 -0.000587 -0.000344 0.419202 r 0.003893 -0.005483 0.000206 0.999977
1 -0.000798 -0.000517 0.433311 r 0.004127 -0.005522 0.000262 0.999976
2 -0.000970 -0.000689 0.447431 r 0.004380 -0.005530 0.000316 0.999975
3 -0.001109 -0.000886 0.461555 r 0.004640 -0.005502 0.000370 0.999974
4 -0.001230 -0.001113 0.475703 r 0.004906 -0.005462 0.000410 0.999973
5 -0.001342 -0.001374 0.489847 r 0.005171 -0.005418 0.000436 0.999972
6 -0.001450 -0.001648 0.503965 r 0.005412 -0.005372 0.000448 0.999971
7 -0.001560 -0.001916 0.518038 r 0.005609 -0.005331 0.000451 0.999970
8 -0.001673 -0.002208 0.532011 r 0.005792 -0.005285 0.000439 0.999969
9 -0.001873 -0.002662 0.546037 r 0.006023 -0.005360 0.000429 0.999967
Residuals: 92.419846
Step 3
0 -0.000716 -0.000732 0.427079 r 0.004088 -0.005973 0.000292 0.999974
1 -0.000967 -0.001091 0.442263 r 0.004236 -0.005854 0.000313 0.999974
2 -0.001109 -0.001492 0.457381 r 0.004409 -0.005659 0.000396 0.999974
3 -0.001150 -0.001886 0.472464 r 0.004641 -0.005321 0.000427 0.999975
4 -0.001217 -0.002291 0.487452 r 0.004797 -0.005118 0.000527 0.999975
5 -0.001345 -0.002640 0.502264 r 0.004903 -0.005034 0.000599 0.999975
6 -0.001439 -0.003036 0.516853 r 0.005130 -0.004914 0.000615 0.999975
7 -0.001594 -0.003539 0.531242 r 0.005454 -0.004861 0.000654 0.999973
8 -0.001708 -0.004019 0.545603 r 0.005767 -0.004728 0.000717 0.999972
9 -0.001902 -0.004510 0.559775 r 0.006038 -0.004803 0.000717 0.999970
Residuals: 23.033710
Step 4
0 -0.000286 -0.000238 0.425656 r 0.000318 -0.001834 0.000393 0.999998
1 -0.000410 -0.000484 0.439790 r 0.000459 -0.001696 0.000417 0.999998
2 -0.000421 -0.000765 0.454000 r 0.000616 -0.001473 0.000504 0.999999
3 -0.000327 -0.001032 0.468362 r 0.000823 -0.001102 0.000539 0.999999
4 -0.000256 -0.001305 0.482568 r 0.000950 -0.000864 0.000641 0.999999
5 -0.000247 -0.001506 0.496658 r 0.001008 -0.000749 0.000715 0.999999
6 -0.000206 -0.001769 0.510854 r 0.001207 -0.000602 0.000730 0.999999
7 -0.000228 -0.002144 0.525075 r 0.001510 -0.000528 0.000767 0.999999
8 -0.000212 -0.002500 0.539348 r 0.001808 -0.000384 0.000828 0.999998
9 -0.000267 -0.002869 0.553540 r 0.002067 -0.000438 0.000828 0.999997
Residuals: 39.689396
Step 5
0 0.000651 0.000144 0.419137 r -0.003511 0.007779 0.000373 0.999964
1 0.000531 -0.000079 0.433422 r -0.003343 0.007801 0.000409 0.999964
2 0.000542 -0.000335 0.447770 r -0.003153 0.007915 0.000506 0.999964
3 0.000683 -0.000573 0.462249 r -0.002909 0.008186 0.000546 0.999962
4 0.000829 -0.000811 0.476551 r -0.002745 0.008338 0.000653 0.999961
5 0.001068 -0.000921 0.490638 r -0.002680 0.008442 0.000729 0.999961
6 0.001247 -0.001128 0.504890 r -0.002453 0.008529 0.000744 0.999960
7 0.001440 -0.001422 0.519114 r -0.002140 0.008590 0.000776 0.999961
8 0.001708 -0.001679 0.533391 r -0.001838 0.008730 0.000834 0.999960
9 0.001909 -0.001946 0.547567 r -0.001577 0.008673 0.000831 0.999961
Residuals: 42.753101
Step 6
0 0.001036 -0.000312 0.427886 r -0.000164 0.012341 0.000506 0.999924
1 0.001024 -0.000649 0.441996 r 0.000023 0.012382 0.000548 0.999923
2 0.001155 -0.001017 0.456178 r 0.000233 0.012527 0.000652 0.999922
3 0.001428 -0.001366 0.470508 r 0.000494 0.012840 0.000700 0.999917
4 0.001711 -0.001711 0.484682 r 0.000672 0.013039 0.000812 0.999915
5 0.002095 -0.001923 0.498740 r 0.000749 0.013189 0.000892 0.999913
6 0.002420 -0.002232 0.512907 r 0.000983 0.013316 0.000907 0.999911
7 0.002761 -0.002625 0.527119 r 0.001300 0.013408 0.000938 0.999909
8 0.003175 -0.002980 0.541380 r 0.001604 0.013565 0.000994 0.999906
9 0.003520 -0.003356 0.555566 r 0.001881 0.013517 0.000989 0.999907
Residuals: 59.750374
Step 7
0 0.001123 -0.000885 0.428711 r 0.003430 0.012284 0.000542 0.999919
1 0.001244 -0.001529 0.443015 r 0.003742 0.012391 0.000586 0.999916
2 0.001504 -0.002181 0.457382 r 0.004059 0.012601 0.000690 0.999912
3 0.001897 -0.002802 0.471893 r 0.004421 0.012978 0.000741 0.999906
4 0.002289 -0.003403 0.486233 r 0.004689 0.013238 0.000857 0.999901
5 0.002769 -0.003849 0.500436 r 0.004843 0.013443 0.000940 0.999898
6 0.003175 -0.004370 0.514715 r 0.005139 0.013617 0.000955 0.999894
7 0.003581 -0.004949 0.529003 r 0.005502 0.013745 0.000983 0.999890
8 0.004037 -0.005462 0.543301 r 0.005834 0.013926 0.001037 0.999886
9 0.004394 -0.005960 0.557475 r 0.006112 0.013879 0.001032 0.999885
Residuals: 46.276451
Step 8
0 0.000574 -0.000059 0.429699 r -0.002924 0.007877 0.000406 0.999965
1 0.000565 -0.000516 0.443956 r -0.002613 0.007982 0.000451 0.999965
2 0.000694 -0.000981 0.458291 r -0.002298 0.008191 0.000555 0.999964
3 0.000957 -0.001414 0.472785 r -0.001939 0.008568 0.000605 0.999961
4 0.001220 -0.001829 0.487119 r -0.001672 0.008827 0.000721 0.999960
5 0.001571 -0.002092 0.501324 r -0.001520 0.009031 0.000803 0.999958
6 0.001829 -0.002401 0.515594 r -0.001239 0.009192 0.000818 0.999957
7 0.002093 -0.002777 0.529886 r -0.000889 0.009310 0.000844 0.999956
8 0.002414 -0.003094 0.544203 r -0.000565 0.009484 0.000895 0.999955
9 0.002642 -0.003408 0.558388 r -0.000291 0.009434 0.000890 0.999955
Residuals: 41.268841
Step 9
0 -0.000386 0.000166 0.426161 r -0.004388 -0.001213 0.000363 0.999990
1 -0.000632 -0.000243 0.440400 r -0.004085 -0.001099 0.000403 0.999991
2 -0.000748 -0.000661 0.454724 r -0.003774 -0.000882 0.000509 0.999993
3 -0.000735 -0.001047 0.469210 r -0.003418 -0.000499 0.000561 0.999994
4 -0.000720 -0.001416 0.483538 r -0.003155 -0.000234 0.000678 0.999995
5 -0.000615 -0.001634 0.497739 r -0.003005 -0.000024 0.000761 0.999995
6 -0.000550 -0.001875 0.511973 r -0.002744 0.000172 0.000772 0.999996
7 -0.000538 -0.002205 0.526263 r -0.002395 0.000293 0.000801 0.999997
8 -0.000472 -0.002479 0.540578 r -0.002073 0.000469 0.000855 0.999998
9 -0.000498 -0.002750 0.554765 r -0.001800 0.000421 0.000852 0.999998
Residuals: 40.182388
Step 10
0 -0.001002 -0.000261 0.423116 r -0.000802 -0.004825 0.000340 0.999988
1 -0.001596 -0.000786 0.437413 r -0.000489 -0.004845 0.000384 0.999988
2 -0.002062 -0.001329 0.451797 r -0.000170 -0.004778 0.000487 0.999989
3 -0.002402 -0.001842 0.466342 r 0.000189 -0.004559 0.000531 0.999990
4 -0.002744 -0.002339 0.480726 r 0.000452 -0.004463 0.000630 0.999990
5 -0.002976 -0.002687 0.494978 r 0.000603 -0.004409 0.000690 0.999990
6 -0.003212 -0.003067 0.509292 r 0.000870 -0.004345 0.000672 0.999990
7 -0.003458 -0.003536 0.523608 r 0.001226 -0.004323 0.000673 0.999990
8 -0.003608 -0.003938 0.537943 r 0.001557 -0.004217 0.000712 0.999990
9 -0.003770 -0.004314 0.552122 r 0.001833 -0.004270 0.000709 0.999989
Residuals: 37.726593
Step 11
0 -0.001032 -0.001288 0.422559 r 0.007439 -0.004337 0.000200 0.999963
1 -0.001619 -0.002059 0.436738 r 0.007766 -0.004352 0.000245 0.999961
2 -0.002074 -0.002847 0.450956 r 0.008097 -0.004276 0.000350 0.999958
3 -0.002402 -0.003605 0.465318 r 0.008466 -0.004046 0.000397 0.999956
4 -0.002730 -0.004343 0.479515 r 0.008736 -0.003938 0.000499 0.999954
5 -0.002947 -0.004929 0.493599 r 0.008893 -0.003873 0.000560 0.999953
6 -0.003166 -0.005546 0.507775 r 0.009163 -0.003799 0.000544 0.999951
7 -0.003395 -0.006253 0.521986 r 0.009521 -0.003770 0.000545 0.999948
8 -0.003527 -0.006891 0.536244 r 0.009853 -0.003660 0.000585 0.999945
9 -0.003664 -0.007509 0.550433 r 0.010132 -0.003696 0.000585 0.999942
Residuals: 43.133408
Step 12
0 -0.000561 -0.001334 0.427544 r 0.006767 0.002291 0.000047 0.999975
1 -0.001346 -0.002202 0.442056 r 0.007152 0.002100 0.000107 0.999973
2 -0.002000 -0.003085 0.456616 r 0.007566 0.001976 0.000243 0.999970
3 -0.002503 -0.003937 0.471299 r 0.008029 0.002005 0.000327 0.999966
4 -0.002974 -0.004763 0.485781 r 0.008396 0.001922 0.000464 0.999963
5 -0.003288 -0.005426 0.500105 r 0.008645 0.001818 0.000555 0.999961
6 -0.003557 -0.006108 0.514468 r 0.008992 0.001756 0.000563 0.999958
7 -0.003789 -0.006863 0.528806 r 0.009408 0.001685 0.000587 0.999955
8 -0.003863 -0.007530 0.543127 r 0.009776 0.001733 0.000640 0.999951
9 -0.003851 -0.008146 0.557294 r 0.010058 0.001693 0.000640 0.999948
Residuals: 57.787857
Step 13
0 -0.000442 -0.000872 0.425389 r 0.002334 0.003395 0.000246 0.999992
1 -0.001185 -0.001619 0.439760 r 0.002719 0.003205 0.000309 0.999991
2 -0.001802 -0.002379 0.454099 r 0.003131 0.003078 0.000447 0.999991
3 -0.002271 -0.003104 0.468404 r 0.003592 0.003102 0.000532 0.999989
4 -0.002710 -0.003805 0.482677 r 0.003957 0.003012 0.000671 0.999988
5 -0.002994 -0.004345 0.496876 r 0.004203 0.002900 0.000762 0.999987
6 -0.003235 -0.004901 0.511119 r 0.004549 0.002831 0.000771 0.999986
7 -0.003437 -0.005531 0.525420 r 0.004964 0.002754 0.000795 0.999984
8 -0.003482 -0.006072 0.539668 r 0.005332 0.002798 0.000848 0.999982
9 -0.003441 -0.006561 0.553843 r 0.005613 0.002758 0.000848 0.999980
Residuals: 38.634464
Step 14
0 -0.000848 0.000005 0.421906 r -0.007195 -0.000961 0.000370 0.999974
1 -0.001569 -0.000709 0.436461 r -0.006707 -0.001086 0.000443 0.999977
2 -0.002174 -0.001432 0.450971 r -0.006196 -0.001142 0.000602 0.999980
3 -0.002739 -0.001926 0.465309 r -0.005722 -0.001104 0.000693 0.999983
4 -0.003184 -0.002544 0.479718 r -0.005273 -0.001122 0.000853 0.999985
5 -0.003486 -0.002976 0.494029 r -0.004955 -0.001169 0.000964 0.999987
6 -0.003765 -0.003392 0.508358 r -0.004553 -0.001183 0.000988 0.999989
7 -0.004023 -0.003844 0.522719 r -0.004095 -0.001218 0.001021 0.999991
8 -0.004173 -0.004133 0.536977 r -0.003723 -0.001168 0.001076 0.999992
9 -0.004234 -0.004377 0.551158 r -0.003429 -0.001196 0.001078 0.999993
Residuals: 42.078186
Step 15
0 -0.000829 0.000519 0.425485 r -0.011316 -0.000440 0.000687 0.999936
1 -0.001553 -0.000081 0.439913 r -0.010825 -0.000573 0.000761 0.999941
2 -0.002161 -0.000691 0.454305 r -0.010310 -0.000636 0.000922 0.999947
3 -0.002728 -0.001071 0.468648 r -0.009832 -0.000606 0.001014 0.999951
4 -0.003172 -0.001576 0.482959 r -0.009380 -0.000631 0.001176 0.999955
5 -0.003471 -0.001895 0.497187 r -0.009058 -0.000683 0.001287 0.999958
6 -0.003745 -0.002198 0.511453 r -0.008652 -0.000703 0.001311 0.999962
7 -0.003996 -0.002535 0.525774 r -0.008192 -0.000742 0.001344 0.999966
8 -0.004156 -0.002711 0.540042 r -0.007817 -0.000709 0.001397 0.999969
9 -0.004210 -0.002840 0.554228 r -0.007520 -0.000744 0.001398 0.999971
Residuals: 41.973778
Step 16
0 -0.000234 0.000398 0.427349 r -0.010442 0.003743 0.000896 0.999938
1 -0.000813 -0.000226 0.441757 r -0.009953 0.003622 0.000968 0.999944
2 -0.001276 -0.000860 0.456132 r -0.009440 0.003570 0.001125 0.999949
3 -0.001700 -0.001264 0.470447 r -0.008965 0.003611 0.001214 0.999953
4 -0.001937 -0.001800 0.484700 r -0.008519 0.003638 0.001371 0.999957
5 -0.002040 -0.002149 0.498880 r -0.008204 0.003631 0.001477 0.999959
6 -0.002136 -0.002478 0.513110 r -0.007803 0.003650 0.001492 0.999962
7 -0.002222 -0.002841 0.527410 r -0.007346 0.003639 0.001516 0.999966
8 -0.002253 -0.003041 0.541657 r -0.006972 0.003676 0.001567 0.999968
9 -0.002177 -0.003193 0.555851 r -0.006676 0.003648 0.001565 0.999970
Residuals: 44.309383
Step 17
0 -0.000659 -0.000288 0.429078 r -0.004375 0.001936 0.000803 0.999989
1 -0.001534 -0.001058 0.443616 r -0.003898 0.001674 0.000877 0.999991
2 -0.002289 -0.001839 0.458117 r -0.003401 0.001469 0.001035 0.999993
3 -0.002996 -0.002392 0.472571 r -0.002946 0.001356 0.001116 0.999995
4 -0.003510 -0.003069 0.486980 r -0.002528 0.001226 0.001265 0.999996
5 -0.003870 -0.003557 0.501261 r -0.002242 0.001075 0.001360 0.999996
6 -0.004190 -0.004030 0.515596 r -0.001869 0.000973 0.001365 0.999997
7 -0.004464 -0.004543 0.529946 r -0.001433 0.000871 0.001380 0.999998
8 -0.004640 -0.004900 0.544225 r -0.001072 0.000851 0.001426 0.999999
9 -0.004647 -0.005220 0.558410 r -0.000775 0.000821 0.001424 0.999999
Residuals: 39.639484
Step 18
0 -0.001559 -0.001493 0.421654 r 0.006172 -0.005289 0.000632 0.999967
1 -0.002654 -0.002575 0.436130 r 0.006660 -0.005550 0.000708 0.999963
2 -0.003624 -0.003668 0.450575 r 0.007171 -0.005750 0.000868 0.999958
3 -0.004541 -0.004534 0.464921 r 0.007644 -0.005853 0.000953 0.999954
4 -0.005262 -0.005524 0.479249 r 0.008079 -0.005972 0.001105 0.999949
5 -0.005825 -0.006325 0.493498 r 0.008382 -0.006111 0.001201 0.999946
6 -0.006347 -0.007109 0.507776 r 0.008770 -0.006201 0.001208 0.999942
7 -0.006824 -0.007934 0.522101 r 0.009217 -0.006294 0.001226 0.999938
8 -0.007200 -0.008598 0.536315 r 0.009584 -0.006309 0.001274 0.999934
9 -0.007409 -0.009227 0.550492 r 0.009888 -0.006337 0.001274 0.999931
Residuals: 48.254295
Step 19
0 -0.002045 -0.002312 0.428925 r 0.011790 -0.006862 0.000303 0.999907
1 -0.003591 -0.003662 0.443759 r 0.012337 -0.007313 0.000400 0.999898
2 -0.004994 -0.005027 0.458551 r 0.012931 -0.007715 0.000588 0.999887
3 -0.006312 -0.006162 0.473222 r 0.013499 -0.008020 0.000703 0.999877
4 -0.007399 -0.007414 0.487836 r 0.014033 -0.008324 0.000888 0.999867
5 -0.008312 -0.008460 0.502324 r 0.014427 -0.008625 0.001035 0.999859
6 -0.009162 -0.009501 0.516782 r 0.014888 -0.008844 0.001094 0.999850
7 -0.009901 -0.010559 0.531224 r 0.015387 -0.009033 0.001150 0.999841
8 -0.010425 -0.011407 0.545483 r 0.015759 -0.009111 0.001205 0.999834
9 -0.010752 -0.012222 0.559651 r 0.016072 -0.009163 0.001216 0.999829
Residuals: 64.122833
Step 20
0 -0.001908 -0.002661 0.433301 r 0.013715 -0.005144 0.000144 0.999893
1 -0.003413 -0.004077 0.447941 r 0.014254 -0.005598 0.000243 0.999883
2 -0.004776 -0.005501 0.462579 r 0.014830 -0.006004 0.000434 0.999873
3 -0.006056 -0.006688 0.477134 r 0.015374 -0.006314 0.000551 0.999862
4 -0.007106 -0.007987 0.491660 r 0.015880 -0.006625 0.000738 0.999852
5 -0.007981 -0.009076 0.506087 r 0.016245 -0.006933 0.000886 0.999844
6 -0.008794 -0.010159 0.520505 r 0.016679 -0.007159 0.000944 0.999835
7 -0.009492 -0.011259 0.534927 r 0.017158 -0.007354 0.000999 0.999826
8 -0.009974 -0.012151 0.549179 r 0.017518 -0.007436 0.001052 0.999819
9 -0.010257 -0.013013 0.563367 r 0.017827 -0.007491 0.001061 0.999813
Residuals: 28.046486
Step 21
0 -0.001209 -0.002450 0.432468 r 0.011422 0.000850 -0.000021 0.999935
1 -0.002549 -0.003810 0.447132 r 0.011966 0.000386 0.000076 0.999929
2 -0.003750 -0.005178 0.461786 r 0.012547 -0.000033 0.000266 0.999922
3 -0.004869 -0.006308 0.476350 r 0.013094 -0.000357 0.000381 0.999915
4 -0.005758 -0.007548 0.490880 r 0.013603 -0.000682 0.000566 0.999908
5 -0.006474 -0.008578 0.505307 r 0.013970 -0.001003 0.000712 0.999902
6 -0.007125 -0.009600 0.519725 r 0.014407 -0.001241 0.000768 0.999896
7 -0.007660 -0.010637 0.534149 r 0.014888 -0.001444 0.000820 0.999889
8 -0.007979 -0.011467 0.548405 r 0.015250 -0.001532 0.000872 0.999883
9 -0.008099 -0.012266 0.562603 r 0.015561 -0.001593 0.000878 0.999878
Residuals: 36.775257
Step 22
0 -0.001107 -0.001716 0.427685 r 0.004707 0.002183 -0.000115 0.999987
1 -0.002488 -0.002972 0.442394 r 0.005300 0.001675 -0.000028 0.999985
2 -0.003724 -0.004233 0.457083 r 0.005932 0.001218 0.000164 0.999983
3 -0.004874 -0.005254 0.471676 r 0.006531 0.000856 0.000281 0.999979
4 -0.005787 -0.006379 0.486235 r 0.007087 0.000496 0.000467 0.999975
5 -0.006519 -0.007286 0.500686 r 0.007498 0.000145 0.000613 0.999972
6 -0.007178 -0.008175 0.515126 r 0.007972 -0.000118 0.000669 0.999968
7 -0.007709 -0.009066 0.529570 r 0.008481 -0.000340 0.000720 0.999965
8 -0.008012 -0.009737 0.543839 r 0.008862 -0.000439 0.000771 0.999961
9 -0.008105 -0.010362 0.558049 r 0.009183 -0.000504 0.000778 0.999958
Residuals: 41.615135
Step 23
0 -0.001621 -0.000506 0.422408 r -0.006625 -0.002264 -0.000203 0.999976
1 -0.003124 -0.001588 0.437218 r -0.005952 -0.002774 -0.000123 0.999979
2 -0.004480 -0.002671 0.452017 r -0.005238 -0.003231 0.000061 0.999982
3 -0.005752 -0.003505 0.466712 r -0.004559 -0.003595 0.000173 0.999984
4 -0.006787 -0.004430 0.481371 r -0.003929 -0.003954 0.000355 0.999985
5 -0.007641 -0.005125 0.495909 r -0.003452 -0.004304 0.000500 0.999985
6 -0.008419 -0.005794 0.510408 r -0.002920 -0.004560 0.000554 0.999986
7 -0.009074 -0.006444 0.524900 r -0.002367 -0.004775 0.000605 0.999987
8 -0.009501 -0.006851 0.539201 r -0.001957 -0.004869 0.000656 0.999987
9 -0.009719 -0.007183 0.553431 r -0.001625 -0.004930 0.000665 0.999987
Residuals: 43.933147
Step 24
0 -0.001914 0.000152 0.426642 r -0.013335 -0.001990 -0.000537 0.999909
1 -0.003724 -0.000838 0.441718 r -0.012575 -0.002650 -0.000422 0.999918
2 -0.005375 -0.001830 0.456772 r -0.011764 -0.003263 -0.000201 0.999927
3 -0.006952 -0.002573 0.471737 r -0.010971 -0.003812 -0.000041 0.999933
4 -0.008269 -0.003406 0.486647 r -0.010225 -0.004351 0.000186 0.999939
5 -0.009371 -0.004002 0.501399 r -0.009642 -0.004863 0.000370 0.999942
6 -0.010353 -0.004562 0.516082 r -0.009019 -0.005255 0.000453 0.999946
7 -0.011165 -0.005088 0.530704 r -0.008396 -0.005570 0.000525 0.999950
8 -0.011696 -0.005354 0.545077 r -0.007944 -0.005728 0.000587 0.999953
9 -0.011963 -0.005525 0.559320 r -0.007595 -0.005814 0.000599 0.999955
Residuals: 53.475075
Step 25
0 -0.001448 0.000235 0.430222 r -0.014526 0.001673 -0.000741 0.999893
1 -0.003132 -0.000725 0.445244 r -0.013763 0.001017 -0.000629 0.999905
2 -0.004657 -0.001687 0.460268 r -0.012949 0.000408 -0.000411 0.999917
3 -0.006109 -0.002400 0.475221 r -0.012154 -0.000137 -0.000255 0.999927
4 -0.007264 -0.003222 0.490088 r -0.011401 -0.000650 -0.000031 0.999935
5 -0.008210 -0.003806 0.504816 r -0.010812 -0.001139 0.000150 0.999942
6 -0.009046 -0.004348 0.519492 r -0.010185 -0.001510 0.000228 0.999948
7 -0.009723 -0.004852 0.534122 r -0.009559 -0.001810 0.000293 0.999954
8 -0.010131 -0.005092 0.548514 r -0.009104 -0.001956 0.000350 0.999957
9 -0.010287 -0.005231 0.562787 r -0.008753 -0.002038 0.000360 0.999960
Residuals: 40.942852
Step 26
0 -0.001847 -0.000175 0.430764 r -0.010649 -0.000039 -0.000924 0.999943
1 -0.003796 -0.001219 0.445871 r -0.009897 -0.000809 -0.000815 0.999951
2 -0.005586 -0.002271 0.460976 r -0.009091 -0.001541 -0.000605 0.999958
3 -0.007298 -0.003079 0.476006 r -0.008304 -0.002215 -0.000459 0.999964
4 -0.008705 -0.004003 0.490976 r -0.007557 -0.002857 -0.000252 0.999968
5 -0.009889 -0.004687 0.505789 r -0.006976 -0.003469 -0.000089 0.999970
6 -0.010946 -0.005327 0.520529 r -0.006360 -0.003954 -0.000025 0.999973
7 -0.011809 -0.005930 0.535200 r -0.005744 -0.004342 0.000029 0.999975
8 -0.012359 -0.006273 0.549611 r -0.005295 -0.004545 0.000079 0.999976
9 -0.012592 -0.006522 0.563877 r -0.004943 -0.004629 0.000090 0.999978
Residuals: 40.260551
Step 27
0 -0.002169 -0.001270 0.426417 r -0.001980 -0.000825 -0.001263 0.999997
1 -0.004176 -0.002579 0.441535 r -0.001223 -0.001609 -0.001157 0.999998
2 -0.006188 -0.003913 0.456796 r -0.000395 -0.002436 -0.000934 0.999998
3 -0.008106 -0.005003 0.471978 r 0.000417 -0.003201 -0.000777 0.999995
4 -0.009698 -0.006206 0.487085 r 0.001189 -0.003926 -0.000556 0.999992
5 -0.011058 -0.007161 0.502020 r 0.001794 -0.004610 -0.000369 0.999988
6 -0.012265 -0.008067 0.516856 r 0.002429 -0.005150 -0.000287 0.999985
7 -0.013244 -0.008936 0.531592 r 0.003061 -0.005579 -0.000221 0.999981
8 -0.013876 -0.009538 0.546039 r 0.003520 -0.005806 -0.000164 0.999978
9 -0.014158 -0.010040 0.560299 r 0.003875 -0.005900 -0.000151 0.999976
Residuals: 45.393913
Step 28
0 -0.001730 -0.002932 0.418842 r 0.011928 0.003585 -0.001600 0.999922
1 -0.003615 -0.004667 0.433914 r 0.012694 0.002807 -0.001506 0.999915
2 -0.005500 -0.006429 0.449063 r 0.013534 0.001992 -0.001296 0.999907
3 -0.007285 -0.007945 0.464152 r 0.014357 0.001244 -0.001150 0.999896
4 -0.008741 -0.009571 0.479173 r 0.015139 0.000536 -0.000940 0.999885
5 -0.009963 -0.010945 0.494041 r 0.015752 -0.000129 -0.000764 0.999876
6 -0.011033 -0.012266 0.508825 r 0.016395 -0.000652 -0.000692 0.999866
7 -0.011875 -0.013548 0.523524 r 0.017031 -0.001068 -0.000635 0.999855
8 -0.012374 -0.014554 0.537953 r 0.017493 -0.001288 -0.000583 0.999847
9 -0.012522 -0.015459 0.552208 r 0.017853 -0.001376 -0.000575 0.999840
Residuals: 47.097805
Step 29
0 -0.001934 -0.003873 0.431499 r 0.021486 0.002245 -0.001713 0.999766
1 -0.003881 -0.005767 0.446506 r 0.022261 0.001486 -0.001621 0.999751
2 -0.005802 -0.007806 0.461606 r 0.023099 0.000680 -0.001414 0.999733
3 -0.007620 -0.009598 0.476651 r 0.023922 -0.000054 -0.001272 0.999714
4 -0.009108 -0.011503 0.491625 r 0.024704 -0.000748 -0.001065 0.999695
5 -0.010362 -0.013153 0.506450 r 0.025318 -0.001402 -0.000894 0.999679
6 -0.011464 -0.014752 0.521194 r 0.025962 -0.001915 -0.000825 0.999662
7 -0.012338 -0.016311 0.535855 r 0.026598 -0.002323 -0.000773 0.999644
8 -0.012870 -0.017591 0.550256 r 0.027059 -0.002538 -0.000725 0.999631
9 -0.013054 -0.018767 0.564490 r 0.027418 -0.002625 -0.000718 0.999621
Residuals: 44.099197
Step 30
0 -0.002724 -0.004421 0.436755 r 0.027465 -0.004158 -0.001812 0.999613
1 -0.004892 -0.006327 0.451597 r 0.028172 -0.004911 -0.001712 0.999591
2 -0.007013 -0.008517 0.466624 r 0.028996 -0.005720 -0.001502 0.999563
3 -0.009035 -0.010463 0.481603 r 0.029805 -0.006464 -0.001356 0.999535
4 -0.010725 -0.012522 0.496517 r 0.030574 -0.007167 -0.001147 0.999507
5 -0.012180 -0.014328 0.511295 r 0.031176 -0.007831 -0.000974 0.999484
6 -0.013480 -0.016085 0.525996 r 0.031810 -0.008351 -0.000905 0.999459
7 -0.014550 -0.017805 0.540620 r 0.032439 -0.008765 -0.000852 0.999436
8 -0.015272 -0.019247 0.554994 r 0.032895 -0.008984 -0.000804 0.999419
9 -0.015642 -0.020588 0.569210 r 0.033253 -0.009073 -0.000796 0.999406
Residuals: 34.333858
Step 31
0 -0.003064 -0.004798 0.443761 r 0.028991 -0.005217 -0.002278 0.999564
1 -0.005575 -0.006844 0.459085 r 0.029736 -0.006095 -0.002156 0.999538
2 -0.008015 -0.009160 0.474490 r 0.030619 -0.007031 -0.001915 0.999506
3 -0.010350 -0.011222 0.489809 r 0.031495 -0.007895 -0.001721 0.999472
4 -0.012383 -0.013448 0.505011 r 0.032331 -0.008709 -0.001443 0.999439
5 -0.014142 -0.015419 0.520023 r 0.032994 -0.009470 -0.001204 0.999411
6 -0.015692 -0.017318 0.534896 r 0.033677 -0.010068 -0.001082 0.999382
7 -0.016959 -0.019152 0.549630 r 0.034339 -0.010539 -0.000993 0.999355
8 -0.017747 -0.020656 0.564002 r 0.034795 -0.010760 -0.000940 0.999337
9 -0.018172 -0.022053 0.578205 r 0.035152 -0.010851 -0.000929 0.999323
Residuals: 82.703789
Step 32
0 -0.002791 -0.004699 0.444470 r 0.027363 -0.003081 -0.002587 0.999618
1 -0.005243 -0.006688 0.459525 r 0.028105 -0.003971 -0.002464 0.999595
2 -0.007628 -0.008945 0.474706 r 0.028978 -0.004924 -0.002221 0.999567
3 -0.009910 -0.010947 0.489841 r 0.029842 -0.005808 -0.002027 0.999537
4 -0.011894 -0.013113 0.504897 r 0.030664 -0.006645 -0.001748 0.999507
5 -0.013605 -0.015025 0.519799 r 0.031313 -0.007427 -0.001509 0.999482
6 -0.015107 -0.016866 0.534599 r 0.031983 -0.008044 -0.001388 0.999456
7 -0.016326 -0.018644 0.549293 r 0.032636 -0.008530 -0.001301 0.999431
8 -0.017063 -0.020097 0.563670 r 0.033088 -0.008761 -0.001249 0.999414
9 -0.017437 -0.021443 0.577887 r 0.033441 -0.008858 -0.001241 0.999401
Residuals: 47.924274
Step 33
0 -0.002072 -0.004165 0.440896 r 0.021878 0.003028 -0.002953 0.999752
1 -0.004407 -0.006093 0.456084 r 0.022659 0.002117 -0.002828 0.999738
2 -0.006666 -0.008277 0.471387 r 0.023570 0.001148 -0.002585 0.999719
3 -0.008768 -0.010120 0.486575 r 0.024436 0.000264 -0.002390 0.999700
4 -0.010572 -0.012127 0.501680 r 0.025260 -0.000572 -0.002112 0.999679
5 -0.012104 -0.013880 0.516623 r 0.025911 -0.001354 -0.001872 0.999662
6 -0.013429 -0.015563 0.531460 r 0.026582 -0.001971 -0.001751 0.999644
7 -0.014471 -0.017184 0.546187 r 0.027236 -0.002458 -0.001665 0.999626
8 -0.015034 -0.018482 0.560588 r 0.027688 -0.002689 -0.001615 0.999613
9 -0.015236 -0.019675 0.574822 r 0.028042 -0.002786 -0.001608 0.999602
Residuals: 50.418468
Step 34
0 -0.001885 -0.002961 0.436958 r 0.012583 0.003412 -0.003658 0.999909
1 -0.004203 -0.004605 0.452138 r 0.013358 0.002493 -0.003525 0.999902
2 -0.006451 -0.006502 0.467447 r 0.014260 0.001507 -0.003275 0.999893
3 -0.008548 -0.008061 0.482665 r 0.015116 0.000599 -0.003074 0.999882
4 -0.010350 -0.009784 0.497809 r 0.015929 -0.000261 -0.002790 0.999870
5 -0.011882 -0.011256 0.512788 r 0.016569 -0.001066 -0.002546 0.999860
6 -0.013209 -0.012659 0.527661 r 0.017232 -0.001705 -0.002423 0.999848
7 -0.014251 -0.014003 0.542421 r 0.017880 -0.002208 -0.002334 0.999836
8 -0.014814 -0.015031 0.556849 r 0.018329 -0.002448 -0.002283 0.999827
9 -0.015011 -0.015958 0.571106 r 0.018684 -0.002548 -0.002275 0.999820
Residuals: 34.918678
Step 35
0 -0.002398 -0.001327 0.429140 r -0.001064 -0.001746 -0.004362 0.999989
1 -0.004863 -0.002670 0.444338 r -0.000231 -0.002655 -0.004223 0.999989
2 -0.007255 -0.004256 0.459675 r 0.000728 -0.003629 -0.003970 0.999987
3 -0.009493 -0.005499 0.474916 r 0.001640 -0.004527 -0.003770 0.999983
4 -0.011447 -0.006904 0.490074 r 0.002507 -0.005378 -0.003471 0.999977
5 -0.013130 -0.008050 0.505065 r 0.003196 -0.006175 -0.003214 0.999971
6 -0.014606 -0.009117 0.519951 r 0.003899 -0.006809 -0.003080 0.999965
7 -0.015797 -0.010102 0.534725 r 0.004575 -0.007304 -0.002976 0.999960
8 -0.016505 -0.010750 0.549174 r 0.005028 -0.007543 -0.002919 0.999956
9 -0.016847 -0.011299 0.563451 r 0.005385 -0.007642 -0.002909 0.999953
Residuals: 45.042347
Step 36
0 -0.002796 -0.000366 0.421950 r -0.010489 -0.003891 -0.005235 0.999925
1 -0.005378 -0.001457 0.437078 r -0.009640 -0.004846 -0.005089 0.999930
2 -0.007895 -0.002792 0.452362 r -0.008667 -0.005874 -0.004835 0.999935
3 -0.010264 -0.003790 0.467558 r -0.007746 -0.006831 -0.004643 0.999937
4 -0.012357 -0.004951 0.482703 r -0.006871 -0.007747 -0.004359 0.999938
5 -0.014222 -0.005838 0.497689 r -0.006198 -0.008634 -0.004128 0.999936
6 -0.015877 -0.006643 0.512578 r -0.005512 -0.009351 -0.004019 0.999934
7 -0.017225 -0.007365 0.527361 r -0.004847 -0.009910 -0.003937 0.999933
8 -0.018017 -0.007744 0.541814 r -0.004393 -0.010156 -0.003879 0.999932
9 -0.018437 -0.008025 0.556095 r -0.004035 -0.010258 -0.003867 0.999933
Residuals: 37.567940
Step 37
0 -0.002722 -0.000115 0.430971 r -0.013543 -0.002416 -0.006153 0.999887
1 -0.005218 -0.001197 0.446939 r -0.012608 -0.003157 -0.006040 0.999898
2 -0.007576 -0.002512 0.463093 r -0.011601 -0.003937 -0.005797 0.999909
3 -0.009710 -0.003427 0.479150 r -0.010692 -0.004653 -0.005599 0.999918
4 -0.011559 -0.004509 0.495063 r -0.009832 -0.005339 -0.005305 0.999924
5 -0.013298 -0.005343 0.510686 r -0.009171 -0.006024 -0.005079 0.999928
6 -0.015103 -0.006102 0.526070 r -0.008502 -0.006561 -0.004934 0.999931
7 -0.016670 -0.006781 0.541199 r -0.007862 -0.006983 -0.004785 0.999935
8 -0.017588 -0.007109 0.555818 r -0.007434 -0.007146 -0.004676 0.999937
9 -0.018039 -0.007306 0.570140 r -0.007104 -0.007225 -0.004631 0.999939
Residuals: 78.691711
Step 38
0 -0.002144 -0.000444 0.430334 r -0.012008 0.003410 -0.007024 0.999898
1 -0.004457 -0.001588 0.445575 r -0.011089 0.002674 -0.006914 0.999912
2 -0.006632 -0.002959 0.460901 r -0.010106 0.001898 -0.006674 0.999926
3 -0.008583 -0.003923 0.476091 r -0.009228 0.001185 -0.006479 0.999937
4 -0.010251 -0.005046 0.491223 r -0.008402 0.000501 -0.006189 0.999946
5 -0.011812 -0.005915 0.506196 r -0.007774 -0.000184 -0.005966 0.999953
6 -0.013441 -0.006705 0.521059 r -0.007135 -0.000723 -0.005827 0.999958
7 -0.014836 -0.007417 0.535809 r -0.006517 -0.001146 -0.005682 0.999964
8 -0.015587 -0.007777 0.550200 r -0.006103 -0.001312 -0.005577 0.999966
9 -0.015872 -0.008011 0.564452 r -0.005776 -0.001394 -0.005535 0.999968
Residuals: 36.988316
Step 39
0 -0.002251 -0.001170 0.429978 r -0.005055 0.003891 -0.007905 0.999949
1 -0.004562 -0.002519 0.445195 r -0.004151 0.003142 -0.007800 0.999957
2 -0.006738 -0.004093 0.460489 r -0.003189 0.002346 -0.007565 0.999965
3 -0.008693 -0.005256 0.475649 r -0.002336 0.001610 -0.007376 0.999970
4 -0.010368 -0.006575 0.490747 r -0.001536 0.000899 -0.007091 0.999974
5 -0.011936 -0.007635 0.505691 r -0.000933 0.000190 -0.006874 0.999977
6 -0.013571 -0.008617 0.520528 r -0.000315 -0.000370 -0.006740 0.999978
7 -0.014970 -0.009519 0.535257 r 0.000287 -0.000811 -0.006600 0.999979
8 -0.015720 -0.010070 0.549637 r 0.000693 -0.000988 -0.006497 0.999979
9 -0.016001 -0.010496 0.563885 r 0.001019 -0.001073 -0.006456 0.999979
Residuals: 34.100922
Step 40
0 -0.003020 -0.002460 0.423837 r 0.006903 -0.001164 -0.008806 0.999938
1 -0.005494 -0.004174 0.438988 r 0.007806 -0.001904 -0.008702 0.999931
2 -0.007831 -0.006110 0.454206 r 0.008759 -0.002687 -0.008468 0.999924
3 -0.009941 -0.007627 0.469300 r 0.009601 -0.003406 -0.008278 0.999915
4 -0.011769 -0.009296 0.484329 r 0.010385 -0.004099 -0.007994 0.999907
5 -0.013486 -0.010701 0.499212 r 0.010972 -0.004792 -0.007779 0.999899
6 -0.015269 -0.012024 0.513993 r 0.011576 -0.005339 -0.007646 0.999891
7 -0.016815 -0.013266 0.528675 r 0.012166 -0.005771 -0.007507 0.999883
8 -0.017709 -0.014151 0.543027 r 0.012564 -0.005944 -0.007404 0.999877
9 -0.018134 -0.014911 0.557260 r 0.012887 -0.006030 -0.007362 0.999873
Residuals: 40.525909
Step 41
0 -0.003065 -0.003557 0.425882 r 0.014736 -0.002107 -0.009670 0.999843
1 -0.005586 -0.005514 0.440996 r 0.015639 -0.002865 -0.009570 0.999829
2 -0.007973 -0.007692 0.456170 r 0.016593 -0.003671 -0.009340 0.999813
3 -0.010135 -0.009451 0.471224 r 0.017435 -0.004416 -0.009154 0.999798
4 -0.012014 -0.011359 0.486209 r 0.018219 -0.005136 -0.008873 0.999782
5 -0.013782 -0.013000 0.501052 r 0.018806 -0.005854 -0.008664 0.999770
6 -0.015614 -0.014556 0.515794 r 0.019410 -0.006421 -0.008535 0.999756
7 -0.017206 -0.016029 0.530441 r 0.020001 -0.006869 -0.008400 0.999743
8 -0.018140 -0.017140 0.544768 r 0.020401 -0.007051 -0.008298 0.999734
9 -0.018601 -0.018124 0.558982 r 0.020725 -0.007140 -0.008257 0.999727
Residuals: 34.306229
Step 42
0 -0.002693 -0.004210 0.432021 r 0.018051 0.002058 -0.010743 0.999778
1 -0.005401 -0.006352 0.447489 r 0.018989 0.001155 -0.010629 0.999764
2 -0.007964 -0.008714 0.462999 r 0.019994 0.000189 -0.010377 0.999748
3 -0.010281 -0.010652 0.478369 r 0.020898 -0.000722 -0.010165 0.999731
4 -0.012336 -0.012743 0.493634 r 0.021748 -0.001601 -0.009833 0.999715
5 -0.014242 -0.014554 0.508716 r 0.022399 -0.002464 -0.009577 0.999701
6 -0.016168 -0.016271 0.523645 r 0.023058 -0.003152 -0.009413 0.999686
7 -0.017806 -0.017891 0.538419 r 0.023692 -0.003690 -0.009253 0.999671
8 -0.018736 -0.019132 0.552808 r 0.024119 -0.003930 -0.009136 0.999661
9 -0.019137 -0.020229 0.567017 r 0.024454 -0.004040 -0.009090 0.999653
Residuals: 59.142269
Step 43
0 -0.002777 -0.004134 0.434163 r 0.017873 0.000178 -0.011511 0.999775
1 -0.005545 -0.006264 0.449418 r 0.018812 -0.000740 -0.011395 0.999759
2 -0.008173 -0.008618 0.464756 r 0.019818 -0.001728 -0.011142 0.999742
3 -0.010554 -0.010548 0.479988 r 0.020723 -0.002660 -0.010929 0.999723
4 -0.012678 -0.012633 0.495143 r 0.021574 -0.003564 -0.010597 0.999706
5 -0.014652 -0.014440 0.510145 r 0.022227 -0.004449 -0.010342 0.999691
6 -0.016647 -0.016152 0.525022 r 0.022889 -0.005157 -0.010178 0.999674
7 -0.018353 -0.017768 0.539768 r 0.023526 -0.005710 -0.010018 0.999658
8 -0.019347 -0.019006 0.554156 r 0.023955 -0.005958 -0.009902 0.999648
9 -0.019812 -0.020100 0.568392 r 0.024290 -0.006076 -0.009857 0.999639
Residuals: 36.110680
Step 44
0 -0.003351 -0.003713 0.432268 r 0.013520 -0.003977 -0.011869 0.999831
1 -0.006439 -0.005842 0.447658 r 0.014520 -0.004995 -0.011751 0.999814
2 -0.009377 -0.008192 0.463125 r 0.015588 -0.006080 -0.011496 0.999795
3 -0.012056 -0.010112 0.478471 r 0.016553 -0.007106 -0.011283 0.999776
4 -0.014458 -0.012178 0.493728 r 0.017460 -0.008092 -0.010952 0.999756
5 -0.016690 -0.013952 0.508814 r 0.018163 -0.009049 -0.010697 0.999738
6 -0.018918 -0.015617 0.523752 r 0.018867 -0.009816 -0.010535 0.999720
7 -0.020829 -0.017168 0.538539 r 0.019536 -0.010412 -0.010377 0.999703
8 -0.021997 -0.018322 0.552949 r 0.019987 -0.010688 -0.010262 0.999692
9 -0.022605 -0.019311 0.567186 r 0.020333 -0.010816 -0.010216 0.999684
Residuals: 41.259708
Step 45
0 -0.003105 -0.002725 0.431139 r 0.005538 -0.001730 -0.011572 0.999917
1 -0.006113 -0.004611 0.446550 r 0.006539 -0.002744 -0.011448 0.999911
2 -0.008973 -0.006715 0.462051 r 0.007608 -0.003825 -0.011187 0.999903
3 -0.011573 -0.008392 0.477431 r 0.008575 -0.004846 -0.010968 0.999893
4 -0.013905 -0.010227 0.492737 r 0.009487 -0.005821 -0.010625 0.999882
5 -0.016074 -0.011773 0.507870 r 0.010195 -0.006768 -0.010359 0.999873
6 -0.018238 -0.013213 0.522858 r 0.010906 -0.007527 -0.010189 0.999862
7 -0.020085 -0.014540 0.537693 r 0.011580 -0.008118 -0.010026 0.999851
8 -0.021188 -0.015473 0.552143 r 0.012034 -0.008390 -0.009910 0.999845
9 -0.021731 -0.016238 0.566416 r 0.012382 -0.008518 -0.009864 0.999839
Residuals: 40.615818
Step 46
0 -0.002574 -0.001428 0.422561 r -0.006566 0.004547 -0.011329 0.999905
1 -0.005596 -0.003115 0.438203 r -0.005484 0.003457 -0.011180 0.999918
2 -0.008452 -0.005008 0.453921 r -0.004336 0.002306 -0.010895 0.999930
3 -0.011029 -0.006459 0.469486 r -0.003298 0.001222 -0.010655 0.999939
4 -0.013195 -0.007955 0.484876 r -0.002373 0.000242 -0.010303 0.999945
5 -0.015194 -0.009162 0.500083 r -0.001654 -0.000709 -0.010028 0.999949
6 -0.017188 -0.010264 0.515140 r -0.000936 -0.001473 -0.009852 0.999951
7 -0.018859 -0.011251 0.530037 r -0.000256 -0.002066 -0.009684 0.999953
8 -0.019811 -0.011861 0.544537 r 0.000212 -0.002362 -0.009570 0.999953
9 -0.020184 -0.012297 0.558826 r 0.000569 -0.002495 -0.009524 0.999952
Residuals: 42.986324
Step 47
0 -0.002556 -0.000721 0.428162 r -0.013068 0.004685 -0.010916 0.999845
1 -0.005582 -0.002208 0.443817 r -0.011986 0.003590 -0.010759 0.999865
2 -0.008443 -0.003899 0.459559 r -0.010836 0.002435 -0.010465 0.999885
3 -0.011023 -0.005150 0.475145 r -0.009796 0.001348 -0.010216 0.999901
4 -0.013190 -0.006448 0.490559 r -0.008869 0.000367 -0.009857 0.999913
5 -0.015190 -0.007460 0.505784 r -0.008148 -0.000587 -0.009575 0.999922
6 -0.017183 -0.008368 0.520857 r -0.007428 -0.001352 -0.009394 0.999929
7 -0.018852 -0.009164 0.535765 r -0.006747 -0.001946 -0.009223 0.999934
8 -0.019814 -0.009586 0.550291 r -0.006277 -0.002253 -0.009108 0.999938
9 -0.020185 -0.009837 0.564599 r -0.005920 -0.002390 -0.009063 0.999940
Residuals: 43.102448
Step 48
0 -0.003283 -0.000604 0.432084 r -0.014435 -0.001104 -0.010549 0.999841
1 -0.006500 -0.002056 0.447713 r -0.013341 -0.002190 -0.010378 0.999856
2 -0.009546 -0.003711 0.463426 r -0.012179 -0.003327 -0.010070 0.999871
3 -0.012304 -0.004926 0.478983 r -0.011126 -0.004391 -0.009806 0.999882
4 -0.014643 -0.006188 0.494370 r -0.010186 -0.005347 -0.009435 0.999890
5 -0.016810 -0.007165 0.509568 r -0.009455 -0.006276 -0.009144 0.999895
6 -0.018966 -0.008037 0.524614 r -0.008725 -0.007018 -0.008955 0.999899
7 -0.020797 -0.008796 0.539499 r -0.008039 -0.007595 -0.008778 0.999902
8 -0.021918 -0.009182 0.554012 r -0.007566 -0.007892 -0.008659 0.999904
9 -0.022447 -0.009399 0.568313 r -0.007202 -0.008025 -0.008613 0.999906
Residuals: 53.816010
Step 49
0 -0.003484 -0.001026 0.430633 r -0.010592 -0.002761 -0.010136 0.999890
1 -0.006764 -0.002604 0.446227 r -0.009504 -0.003851 -0.009965 0.999899
2 -0.009872 -0.004381 0.461907 r -0.008355 -0.004992 -0.009654 0.999908
3 -0.012693 -0.005713 0.477437 r -0.007318 -0.006062 -0.009390 0.999913
4 -0.015093 -0.007087 0.492800 r -0.006398 -0.007023 -0.009018 0.999915
5 -0.017320 -0.008171 0.507978 r -0.005685 -0.007957 -0.008727 0.999915
6 -0.019534 -0.009150 0.523006 r -0.004973 -0.008705 -0.008539 0.999915
7 -0.021421 -0.010015 0.537877 r -0.004299 -0.009286 -0.008363 0.999914
8 -0.022596 -0.010505 0.552383 r -0.003835 -0.009586 -0.008245 0.999914
9 -0.023176 -0.010825 0.566688 r -0.003475 -0.009720 -0.008199 0.999914
Residuals: 37.126068
Step 50
0 -0.003213 -0.002092 0.427911 r -0.001344 -0.000571 -0.009669 0.999953
1 -0.006438 -0.003963 0.443488 r -0.000267 -0.001674 -0.009507 0.999955
2 -0.009493 -0.006030 0.459144 r 0.000866 -0.002835 -0.009207 0.999955
3 -0.012265 -0.007645 0.474657 r 0.001881 -0.003928 -0.008953 0.999952
4 -0.014618 -0.009296 0.489999 r 0.002779 -0.004915 -0.008590 0.999948
5 -0.016800 -0.010652 0.505163 r 0.003470 -0.005873 -0.008308 0.999944
6 -0.018968 -0.011900 0.520178 r 0.004163 -0.006641 -0.008129 0.999938
7 -0.020807 -0.013032 0.535038 r 0.004824 -0.007239 -0.007960 0.999932
8 -0.021932 -0.013784 0.549538 r 0.005281 -0.007550 -0.007847 0.999928
9 -0.022458 -0.014365 0.563839 r 0.005639 -0.007687 -0.007803 0.999925
Residuals: 32.789352
Step 51
0 -0.002711 -0.003665 0.418944 r 0.012137 0.004687 -0.009379 0.999873
1 -0.005792 -0.005974 0.434491 r 0.013236 0.003591 -0.009235 0.999865
2 -0.008701 -0.008481 0.450104 r 0.014393 0.002439 -0.008951 0.999855
3 -0.011323 -0.010533 0.465579 r 0.015432 0.001358 -0.008713 0.999844
4 -0.013526 -0.012614 0.480876 r 0.016352 0.000382 -0.008365 0.999832
5 -0.015555 -0.014396 0.496001 r 0.017064 -0.000565 -0.008097 0.999823
6 -0.017571 -0.016063 0.510983 r 0.017775 -0.001322 -0.007929 0.999811
7 -0.019256 -0.017609 0.525815 r 0.018447 -0.001912 -0.007770 0.999800
8 -0.020229 -0.018761 0.540295 r 0.018912 -0.002219 -0.007663 0.999791
9 -0.020605 -0.019735 0.554582 r 0.019271 -0.002357 -0.007623 0.999784
Residuals: 45.926159
Step 52
0 -0.003037 -0.004262 0.432651 r 0.016101 0.001351 -0.009981 0.999821
1 -0.006236 -0.006898 0.448737 r 0.017198 0.000256 -0.009812 0.999806
2 -0.009229 -0.009759 0.464855 r 0.018340 -0.000875 -0.009506 0.999788
3 -0.011909 -0.012145 0.480789 r 0.019349 -0.001924 -0.009242 0.999770
4 -0.014149 -0.014518 0.496486 r 0.020222 -0.002865 -0.008862 0.999753
5 -0.016210 -0.016472 0.512067 r 0.020840 -0.003728 -0.008564 0.999741
6 -0.018268 -0.018268 0.527407 r 0.021460 -0.004415 -0.008388 0.999726
7 -0.020009 -0.019918 0.542484 r 0.022063 -0.004951 -0.008235 0.999712
8 -0.021071 -0.021167 0.556969 r 0.022519 -0.005256 -0.008131 0.999701
9 -0.021536 -0.022239 0.571246 r 0.022877 -0.005393 -0.008093 0.999692
Residuals: 31.824440
Step 53
0 -0.003869 -0.004334 0.431539 r 0.017055 -0.006228 -0.010372 0.999783
1 -0.007303 -0.006972 0.446980 r 0.018128 -0.007337 -0.010195 0.999758
2 -0.010542 -0.009828 0.462476 r 0.019231 -0.008497 -0.009882 0.999732
3 -0.013472 -0.012203 0.477831 r 0.020196 -0.009584 -0.009612 0.999706
4 -0.015964 -0.014563 0.493008 r 0.021022 -0.010566 -0.009229 0.999681
5 -0.018276 -0.016496 0.507955 r 0.021595 -0.011471 -0.008930 0.999662
6 -0.020583 -0.018275 0.522775 r 0.022178 -0.012195 -0.008754 0.999643
7 -0.022568 -0.019915 0.537477 r 0.022755 -0.012761 -0.008601 0.999625
8 -0.023869 -0.021174 0.551924 r 0.023196 -0.013083 -0.008496 0.999611
9 -0.024562 -0.022262 0.566190 r 0.023551 -0.013226 -0.008456 0.999600
Residuals: 32.479019
Step 54
0 -0.004176 -0.003908 0.436634 r 0.013813 -0.010621 -0.010888 0.999790
1 -0.007584 -0.006332 0.451939 r 0.014846 -0.011643 -0.010704 0.999766
2 -0.010933 -0.009064 0.467397 r 0.015938 -0.012785 -0.010380 0.999739
3 -0.013973 -0.011317 0.482712 r 0.016890 -0.013854 -0.010101 0.999712
4 -0.016576 -0.013557 0.497852 r 0.017702 -0.014821 -0.009710 0.999687
5 -0.019000 -0.015372 0.512764 r 0.018263 -0.015711 -0.009404 0.999667
6 -0.021421 -0.017037 0.527551 r 0.018835 -0.016424 -0.009223 0.999647
7 -0.023523 -0.018567 0.542231 r 0.019403 -0.016983 -0.009066 0.999628
8 -0.024942 -0.019721 0.556665 r 0.019839 -0.017301 -0.008959 0.999615
9 -0.025754 -0.020710 0.570931 r 0.020192 -0.017443 -0.008917 0.999605
Residuals: 40.856724
Step 55
0 -0.004272 -0.003251 0.437142 r 0.006592 -0.011022 -0.011408 0.999854
1 -0.007832 -0.005609 0.452646 r 0.007686 -0.012092 -0.011208 0.999836
2 -0.011325 -0.008250 0.468255 r 0.008833 -0.013281 -0.010866 0.999816
3 -0.014485 -0.010304 0.483687 r 0.009774 -0.014433 -0.010605 0.999794
4 -0.017118 -0.012333 0.498863 r 0.010588 -0.015401 -0.010206 0.999774
5 -0.019570 -0.013941 0.513801 r 0.011151 -0.016295 -0.009894 0.999758
6 -0.022017 -0.015397 0.528611 r 0.011725 -0.017010 -0.009706 0.999741
7 -0.024142 -0.016720 0.543309 r 0.012294 -0.017570 -0.009544 0.999726
8 -0.025580 -0.017669 0.557756 r 0.012731 -0.017890 -0.009434 0.999716
9 -0.026409 -0.018455 0.572031 r 0.013085 -0.018032 -0.009391 0.999709
Residuals: 44.097969
Step 56
0 -0.003768 -0.002083 0.430936 r -0.004161 -0.007895 -0.012154 0.999888
1 -0.007241 -0.004102 0.446464 r -0.003064 -0.008983 -0.011945 0.999885
2 -0.010649 -0.006404 0.462114 r -0.001909 -0.010190 -0.011592 0.999881
3 -0.013723 -0.008127 0.477580 r -0.000958 -0.011364 -0.011321 0.999873
4 -0.016273 -0.009834 0.492816 r -0.000130 -0.012351 -0.010914 0.999865
5 -0.018641 -0.011128 0.507805 r 0.000445 -0.013261 -0.010594 0.999857
6 -0.021003 -0.012274 0.522664 r 0.001035 -0.013991 -0.010402 0.999849
7 -0.023041 -0.013289 0.537404 r 0.001616 -0.014561 -0.010238 0.999842
8 -0.024364 -0.013951 0.551900 r 0.002067 -0.014877 -0.010126 0.999837
9 -0.027809 -0.012606 0.553450 r 0.002344 -0.016686 -0.007945 0.999828
Residuals: 42.657803
Step 57
0 -0.003205 -0.001535 0.428051 r -0.009696 -0.000376 -0.012660 0.999874
1 -0.006752 -0.003413 0.443790 r -0.008570 -0.001617 -0.012436 0.999887
2 -0.010220 -0.005582 0.459650 r -0.007378 -0.002984 -0.012074 0.999898
3 -0.013343 -0.007183 0.475304 r -0.006390 -0.004319 -0.011800 0.999903
4 -0.015923 -0.008770 0.490706 r -0.005523 -0.005457 -0.011393 0.999906
5 -0.018290 -0.009949 0.505836 r -0.004909 -0.006500 -0.011077 0.999907
6 -0.020611 -0.010983 0.520813 r -0.004284 -0.007338 -0.010897 0.999906
7 -0.022565 -0.011878 0.535640 r -0.003674 -0.007986 -0.010745 0.999906
8 -0.023706 -0.012391 0.550148 r -0.003218 -0.008307 -0.010634 0.999905
9 -0.027431 -0.010962 0.565635 r -0.002908 -0.010124 -0.008442 0.999910
Residuals: 43.716202
Step 58
0 -0.002545 -0.001564 0.426742 r -0.009648 0.007019 -0.012800 0.999848
1 -0.006115 -0.003482 0.442668 r -0.008496 0.005687 -0.012566 0.999871
2 -0.009594 -0.005691 0.458718 r -0.007275 0.004219 -0.012195 0.999892
3 -0.012717 -0.007332 0.474557 r -0.006256 0.002781 -0.011913 0.999908
4 -0.015279 -0.008961 0.490131 r -0.005359 0.001542 -0.011501 0.999919
5 -0.017607 -0.010176 0.505416 r -0.004718 0.000405 -0.011181 0.999928
6 -0.019860 -0.011242 0.520525 r -0.004073 -0.000515 -0.011000 0.999933
7 -0.021711 -0.012163 0.535455 r -0.003446 -0.001226 -0.010850 0.999937
8 -0.022714 -0.012697 0.549998 r -0.002978 -0.001588 -0.010742 0.999938
9 -0.026250 -0.011290 0.565563 r -0.002635 -0.003425 -0.008547 0.999956
Residuals: 43.190655
Step 59
0 -0.002888 -0.002284 0.430569 r -0.003841 0.003774 -0.012602 0.999908
1 -0.006555 -0.004388 0.446386 r -0.002689 0.002443 -0.012374 0.999919
2 -0.010131 -0.006785 0.462344 r -0.001470 0.000976 -0.012009 0.999929
3 -0.013350 -0.008611 0.478115 r -0.000453 -0.000462 -0.011733 0.999933
4 -0.015991 -0.010421 0.493590 r 0.000433 -0.001691 -0.011330 0.999935
5 -0.018403 -0.011813 0.508802 r 0.001062 -0.002820 -0.011018 0.999936
6 -0.020741 -0.013053 0.523861 r 0.001698 -0.003731 -0.010845 0.999935
7 -0.022679 -0.014146 0.538761 r 0.002316 -0.004436 -0.010701 0.999932
8 -0.023772 -0.014846 0.553299 r 0.002780 -0.004795 -0.010597 0.999930
9 -0.027410 -0.013612 0.568855 r 0.003108 -0.006645 -0.008415 0.999939
Residuals: 39.326134
Step 60
0 -0.003925 -0.003557 0.422375 r 0.007071 -0.004565 -0.012353 0.999890
1 -0.007964 -0.005972 0.437985 r 0.008189 -0.005954 -0.012128 0.999877
2 -0.011916 -0.008677 0.453738 r 0.009361 -0.007483 -0.011766 0.999861
3 -0.015503 -0.010798 0.469330 r 0.010321 -0.008980 -0.011496 0.999842
4 -0.018509 -0.012892 0.484681 r 0.011144 -0.010268 -0.011099 0.999825
5 -0.021273 -0.014568 0.499789 r 0.011712 -0.011452 -0.010805 0.999809
6 -0.023961 -0.016098 0.514753 r 0.012295 -0.012412 -0.010660 0.999793
7 -0.026234 -0.017485 0.529576 r 0.012873 -0.013156 -0.010544 0.999777
8 -0.027632 -0.018479 0.544070 r 0.013312 -0.013543 -0.010458 0.999767
9 -0.031578 -0.017563 0.559579 r 0.013617 -0.015437 -0.008306 0.999755
Residuals: 43.017498
Step 61
0 -0.004898 -0.004368 0.430125 r 0.015446 -0.011264 -0.011573 0.999752
1 -0.009216 -0.006915 0.446296 r 0.016410 -0.012612 -0.011346 0.999723
2 -0.013421 -0.009835 0.462584 r 0.017502 -0.014078 -0.011001 0.999690
3 -0.017298 -0.012209 0.478650 r 0.018399 -0.015511 -0.010768 0.999654
4 -0.020575 -0.014561 0.494406 r 0.019186 -0.016738 -0.010441 0.999622
5 -0.023591 -0.016511 0.509839 r 0.019750 -0.017863 -0.010228 0.999595
6 -0.026504 -0.018351 0.525057 r 0.020350 -0.018772 -0.010136 0.999567
7 -0.029005 -0.020064 0.540037 r 0.020961 -0.019486 -0.010045 0.999542
8 -0.030622 -0.021359 0.554607 r 0.021433 -0.019858 -0.009969 0.999525
9 -0.034762 -0.020708 0.570132 r 0.021724 -0.021756 -0.007832 0.999498
Residuals: 74.714272
Step 62
0 -0.005555 -0.004964 0.440395 r 0.019951 -0.014563 -0.010946 0.999637
1 -0.009961 -0.007666 0.455847 r 0.020918 -0.015868 -0.010710 0.999600
2 -0.014244 -0.010724 0.471439 r 0.021990 -0.017283 -0.010355 0.999558
3 -0.018194 -0.013220 0.486887 r 0.022850 -0.018659 -0.010114 0.999516
4 -0.021539 -0.015684 0.502112 r 0.023594 -0.019829 -0.009782 0.999478
5 -0.024618 -0.017738 0.517116 r 0.024111 -0.020899 -0.009569 0.999447
6 -0.027596 -0.019678 0.531988 r 0.024664 -0.021763 -0.009477 0.999416
7 -0.030167 -0.021492 0.546745 r 0.025238 -0.022445 -0.009390 0.999388
8 -0.031861 -0.022893 0.561202 r 0.025684 -0.022803 -0.009318 0.999368
9 -0.036094 -0.022364 0.576664 r 0.025956 -0.024710 -0.007190 0.999333
Residuals: 40.125393
Step 63
0 -0.005713 -0.005061 0.445481 r 0.020778 -0.014410 -0.010314 0.999629
1 -0.010120 -0.007808 0.460901 r 0.021746 -0.015709 -0.010076 0.999591
2 -0.014400 -0.010905 0.476455 r 0.022814 -0.017114 -0.009716 0.999548
3 -0.018344 -0.013434 0.491845 r 0.023667 -0.018480 -0.009472 0.999506
4 -0.021682 -0.015925 0.507006 r 0.024399 -0.019639 -0.009138 0.999469
5 -0.024753 -0.018002 0.521945 r 0.024904 -0.020700 -0.008924 0.999438
6 -0.027723 -0.019963 0.536758 r 0.025446 -0.021556 -0.008834 0.999407
7 -0.030285 -0.021797 0.551469 r 0.026010 -0.022233 -0.008748 0.999378
8 -0.031972 -0.023218 0.565896 r 0.026451 -0.022588 -0.008678 0.999359
9 -0.036199 -0.022715 0.581346 r 0.026721 -0.024498 -0.006553 0.999323
Residuals: 47.077942
Step 64
0 -0.005400 -0.004688 0.445179 r 0.018068 -0.010924 -0.009689 0.999732
1 -0.009707 -0.007367 0.460642 r 0.019040 -0.012238 -0.009449 0.999701
2 -0.013890 -0.010395 0.476237 r 0.020111 -0.013664 -0.009089 0.999666
3 -0.017741 -0.012855 0.491661 r 0.020965 -0.015053 -0.008844 0.999630
4 -0.020988 -0.015275 0.506850 r 0.021701 -0.016237 -0.008510 0.999598
5 -0.023970 -0.017283 0.521813 r 0.022208 -0.017322 -0.008295 0.999571
6 -0.026851 -0.019174 0.536649 r 0.022752 -0.018197 -0.008205 0.999544
7 -0.029322 -0.020937 0.551381 r 0.023319 -0.018889 -0.008121 0.999519
8 -0.030917 -0.022286 0.565823 r 0.023763 -0.019253 -0.008051 0.999502
9 -0.035045 -0.021709 0.581292 r 0.024045 -0.021160 -0.005923 0.999471
Residuals: 46.225529
Step 65
0 -0.004735 -0.003857 0.439719 r 0.011796 -0.003864 -0.009033 0.999884
1 -0.008955 -0.006395 0.455295 r 0.012780 -0.005243 -0.008805 0.999868
2 -0.013050 -0.009278 0.471007 r 0.013859 -0.006737 -0.008460 0.999848
3 -0.016817 -0.011584 0.486539 r 0.014715 -0.008198 -0.008226 0.999826
4 -0.019981 -0.013844 0.501827 r 0.015444 -0.009458 -0.007905 0.999806
5 -0.022884 -0.015685 0.516879 r 0.015937 -0.010621 -0.007706 0.999789
6 -0.025670 -0.017406 0.531798 r 0.016465 -0.011568 -0.007634 0.999771
7 -0.028025 -0.018996 0.546602 r 0.017021 -0.012317 -0.007566 0.999753
8 -0.029478 -0.020172 0.561093 r 0.017458 -0.012718 -0.007510 0.999740
9 -0.033426 -0.019415 0.576612 r 0.017750 -0.014634 -0.005374 0.999723
Residuals: 46.339241
Step 66
0 -0.003623 -0.002574 0.428362 r 0.001935 0.006480 -0.008344 0.999944
1 -0.007561 -0.004846 0.443901 r 0.002955 0.005067 -0.008131 0.999952
2 -0.011401 -0.007407 0.459598 r 0.004019 0.003507 -0.007795 0.999958
3 -0.014934 -0.009400 0.475134 r 0.004852 0.001967 -0.007584 0.999960
4 -0.017889 -0.011368 0.490469 r 0.005566 0.000605 -0.007292 0.999959
5 -0.020575 -0.012925 0.505576 r 0.006041 -0.000648 -0.007127 0.999958
6 -0.023132 -0.014369 0.520561 r 0.006553 -0.001665 -0.007094 0.999954
7 -0.025240 -0.015689 0.535432 r 0.007094 -0.002462 -0.007061 0.999949
8 -0.026435 -0.016601 0.549981 r 0.007524 -0.002893 -0.007029 0.999945
9 -0.030097 -0.015561 0.565592 r 0.007836 -0.004806 -0.004886 0.999948
Residuals: 50.670723
Step 67
0 -0.002945 -0.001023 0.424434 r -0.012694 0.012106 -0.007903 0.999817
1 -0.006695 -0.002973 0.440377 r -0.011619 0.010698 -0.007677 0.999848
2 -0.010344 -0.005203 0.456450 r -0.010500 0.009146 -0.007327 0.999879
3 -0.013687 -0.006859 0.472301 r -0.009613 0.007614 -0.007102 0.999902
4 -0.016454 -0.008485 0.487903 r -0.008849 0.006264 -0.006797 0.999919
5 -0.018952 -0.009692 0.503214 r -0.008328 0.005025 -0.006613 0.999933
6 -0.021323 -0.010774 0.518359 r -0.007778 0.004019 -0.006566 0.999942
7 -0.023249 -0.011718 0.533346 r -0.007207 0.003231 -0.006524 0.999950
8 -0.024270 -0.012243 0.547955 r -0.006758 0.002807 -0.006487 0.999954
9 -0.027751 -0.010764 0.563572 r -0.006431 0.000927 -0.004318 0.999972
Residuals: 47.316769
Step 68
0 -0.003483 -0.000064 0.439422 r -0.020969 0.009941 -0.007701 0.999703
1 -0.007502 -0.001773 0.456240 r -0.019826 0.008574 -0.007402 0.999742
2 -0.011359 -0.003759 0.473159 r -0.018632 0.007121 -0.006971 0.999779
3 -0.014850 -0.005171 0.489792 r -0.017677 0.005730 -0.006665 0.999807
4 -0.017710 -0.006552 0.506096 r -0.016858 0.004546 -0.006282 0.999829
5 -0.020258 -0.007518 0.522011 r -0.016298 0.003478 -0.006030 0.999845
6 -0.022656 -0.008347 0.537642 r -0.015725 0.002628 -0.005942 0.999858
7 -0.024597 -0.009034 0.552981 r -0.015145 0.001963 -0.005880 0.999868
8 -0.025628 -0.009311 0.567797 r -0.014699 0.001617 -0.005839 0.999875
9 -0.029141 -0.007579 0.583369 r -0.014385 -0.000239 -0.003654 0.999892
Residuals: 93.576424
Step 69
0 -0.004263 0.000369 0.442234 r -0.024828 0.003094 -0.007354 0.999662
1 -0.008512 -0.001253 0.458188 r -0.023682 0.001740 -0.007038 0.999696
2 -0.012594 -0.003148 0.474236 r -0.022488 0.000307 -0.006589 0.999728
3 -0.016300 -0.004469 0.490014 r -0.021532 -0.001061 -0.006267 0.999750
4 -0.019367 -0.005755 0.505520 r -0.020714 -0.002220 -0.005871 0.999767
5 -0.022115 -0.006625 0.520720 r -0.020155 -0.003266 -0.005608 0.999778
6 -0.024708 -0.007355 0.535751 r -0.019583 -0.004097 -0.005512 0.999787
7 -0.026843 -0.007938 0.550641 r -0.019005 -0.004748 -0.005444 0.999795
8 -0.028064 -0.008107 0.565180 r -0.018561 -0.005085 -0.005399 0.999802
9 -0.031784 -0.006255 0.580678 r -0.018264 -0.006929 -0.003206 0.999806
Residuals: 52.724674
Step 70
0 -0.005810 0.000148 0.438520 r -0.023590 -0.009799 -0.007062 0.999650
1 -0.010472 -0.001518 0.454345 r -0.022460 -0.011149 -0.006730 0.999665
2 -0.014968 -0.003450 0.470269 r -0.021290 -0.012578 -0.006264 0.999677
3 -0.019082 -0.004800 0.485933 r -0.020364 -0.013943 -0.005927 0.999680
4 -0.022551 -0.006111 0.501343 r -0.019581 -0.015099 -0.005519 0.999680
5 -0.025693 -0.007001 0.516457 r -0.019054 -0.016143 -0.005248 0.999676
6 -0.028676 -0.007751 0.531409 r -0.018509 -0.016974 -0.005145 0.999674
7 -0.031197 -0.008355 0.546235 r -0.017951 -0.017625 -0.005069 0.999673
8 -0.032794 -0.008546 0.560736 r -0.017520 -0.017964 -0.005019 0.999674
9 -0.036919 -0.006726 0.576131 r -0.017255 -0.019813 -0.002824 0.999653
Residuals: 41.363033
Step 71
0 -0.007097 -0.000611 0.444990 r -0.016717 -0.019471 -0.006710 0.999650
1 -0.012085 -0.002505 0.460698 r -0.015573 -0.020816 -0.006368 0.999644
2 -0.016899 -0.004669 0.476490 r -0.014386 -0.022229 -0.005893 0.999635
3 -0.021317 -0.006248 0.492026 r -0.013440 -0.023567 -0.005551 0.999619
4 -0.025076 -0.007784 0.507315 r -0.012639 -0.024693 -0.005139 0.999603
5 -0.028499 -0.008894 0.522319 r -0.012096 -0.025705 -0.004868 0.999587
6 -0.031757 -0.009859 0.537169 r -0.011539 -0.026506 -0.004765 0.999573
7 -0.034551 -0.010675 0.551911 r -0.010973 -0.027134 -0.004690 0.999563
8 -0.036417 -0.011071 0.566361 r -0.010538 -0.027459 -0.004640 0.999558
9 -0.040810 -0.009464 0.581722 r -0.010297 -0.029290 -0.002459 0.999517
Residuals: 64.135658
Step 72
0 -0.007969 -0.002057 0.446138 r -0.004576 -0.026221 -0.006339 0.999627
1 -0.013179 -0.004344 0.461726 r -0.003436 -0.027559 -0.006000 0.999599
2 -0.018212 -0.006897 0.477393 r -0.002261 -0.028965 -0.005528 0.999565
3 -0.022843 -0.008854 0.492823 r -0.001329 -0.030290 -0.005190 0.999529
4 -0.026810 -0.010757 0.508015 r -0.000546 -0.031404 -0.004782 0.999496
5 -0.030435 -0.012225 0.522936 r -0.000021 -0.032403 -0.004517 0.999467
6 -0.033892 -0.013543 0.537708 r 0.000520 -0.033192 -0.004420 0.999441
7 -0.036882 -0.014709 0.552382 r 0.001073 -0.033813 -0.004349 0.999420
8 -0.038942 -0.015448 0.566789 r 0.001499 -0.034133 -0.004301 0.999409
9 -0.043540 -0.014213 0.582074 r 0.001722 -0.035991 -0.002142 0.999350
Residuals: 45.042004
Step 73
0 -0.008433 -0.004140 0.440746 r 0.012914 -0.030224 -0.005995 0.999444
1 -0.013774 -0.006985 0.456188 r 0.014046 -0.031565 -0.005672 0.999389
2 -0.018939 -0.010092 0.471697 r 0.015205 -0.032974 -0.005216 0.999330
3 -0.023699 -0.012589 0.486991 r 0.016115 -0.034301 -0.004894 0.999272
4 -0.027792 -0.015017 0.502054 r 0.016873 -0.035418 -0.004500 0.999221
5 -0.031540 -0.016998 0.516865 r 0.017373 -0.036419 -0.004248 0.999179
6 -0.035119 -0.018822 0.531538 r 0.017893 -0.037207 -0.004161 0.999141
7 -0.038231 -0.020492 0.546127 r 0.018429 -0.037828 -0.004099 0.999108
8 -0.040410 -0.021727 0.560479 r 0.018844 -0.038150 -0.004055 0.999088
9 -0.045138 -0.021025 0.575763 r 0.019054 -0.040048 -0.001928 0.999016
Residuals: 51.140434
Step 74
0 -0.008769 -0.005798 0.453503 r 0.026300 -0.030843 -0.005552 0.999165
1 -0.014140 -0.009077 0.468861 r 0.027436 -0.032178 -0.005242 0.999094
2 -0.019328 -0.012616 0.484269 r 0.028596 -0.033578 -0.004800 0.999018
3 -0.024108 -0.015535 0.499470 r 0.029506 -0.034890 -0.004491 0.998948
4 -0.028217 -0.018374 0.514436 r 0.030260 -0.035993 -0.004109 0.998887
5 -0.031978 -0.020756 0.529163 r 0.030756 -0.036980 -0.003873 0.998837
6 -0.035569 -0.022977 0.543757 r 0.031271 -0.037754 -0.003799 0.998793
7 -0.038691 -0.025040 0.558275 r 0.031802 -0.038365 -0.003751 0.998753
8 -0.040882 -0.026660 0.572574 r 0.032214 -0.038681 -0.003716 0.998727
9 -0.045627 -0.026370 0.587866 r 0.032420 -0.040605 -0.001617 0.998650
Residuals: 60.712761
Step 75
0 -0.008768 -0.007122 0.463356 r 0.036440 -0.028748 -0.005090 0.998911
1 -0.014080 -0.010736 0.478644 r 0.037565 -0.030068 -0.004792 0.998833
2 -0.019200 -0.014601 0.493969 r 0.038703 -0.031444 -0.004362 0.998749
3 -0.023909 -0.017831 0.509099 r 0.039580 -0.032723 -0.004065 0.998675
4 -0.027945 -0.020966 0.523994 r 0.040296 -0.033794 -0.003695 0.998611
5 -0.031635 -0.023631 0.538660 r 0.040750 -0.034751 -0.003471 0.998561
6 -0.035153 -0.026131 0.553201 r 0.041227 -0.035502 -0.003410 0.998515
7 -0.038205 -0.028470 0.567675 r 0.041728 -0.036096 -0.003374 0.998473
8 -0.040329 -0.030365 0.581940 r 0.042121 -0.036406 -0.003347 0.998445
9 -0.045009 -0.030376 0.597248 r 0.042322 -0.038353 -0.001271 0.998369
Residuals: 53.523586
Step 76
0 -0.008328 -0.008039 0.468509 r 0.043424 -0.023828 -0.004646 0.998764
1 -0.013494 -0.011888 0.483773 r 0.044548 -0.025142 -0.004358 0.998684
2 -0.018464 -0.015981 0.499058 r 0.045679 -0.026509 -0.003939 0.998599
3 -0.023023 -0.019427 0.514139 r 0.046542 -0.027777 -0.003651 0.998526
4 -0.026909 -0.022768 0.528977 r 0.047240 -0.028837 -0.003290 0.998463
5 -0.030450 -0.025633 0.543592 r 0.047675 -0.029784 -0.003074 0.998416
6 -0.033822 -0.028328 0.558088 r 0.048134 -0.030525 -0.003022 0.998372
7 -0.036727 -0.030862 0.572524 r 0.048620 -0.031114 -0.002995 0.998330
8 -0.038707 -0.032950 0.586763 r 0.049004 -0.031422 -0.002974 0.998302
9 -0.043237 -0.033175 0.602107 r 0.049212 -0.033385 -0.000914 0.998232
Residuals: 47.508640
Step 77
0 -0.007436 -0.008540 0.469149 r 0.047399 -0.015948 -0.004238 0.998742
1 -0.012367 -0.012530 0.484453 r 0.048528 -0.017271 -0.003963 0.998667
2 -0.017102 -0.016762 0.499768 r 0.049662 -0.018650 -0.003558 0.998589
3 -0.021430 -0.020343 0.514875 r 0.050526 -0.019931 -0.003281 0.998521
4 -0.025090 -0.023812 0.529726 r 0.051223 -0.021005 -0.002929 0.998464
5 -0.028409 -0.026802 0.544351 r 0.051656 -0.021964 -0.002721 0.998422
6 -0.031559 -0.029619 0.558860 r 0.052112 -0.022716 -0.002676 0.998382
7 -0.034242 -0.032273 0.573307 r 0.052597 -0.023313 -0.002655 0.998342
8 -0.036002 -0.034478 0.587550 r 0.052980 -0.023626 -0.002640 0.998315
9 -0.040295 -0.034833 0.602955 r 0.053206 -0.025600 -0.000589 0.998257
Residuals: 46.109394
Step 78
0 -0.006142 -0.008633 0.465343 r 0.048500 -0.005074 -0.003911 0.998805
1 -0.010742 -0.012680 0.480740 r 0.049636 -0.006398 -0.003649 0.998743
2 -0.015145 -0.016965 0.496143 r 0.050776 -0.007779 -0.003256 0.998677
3 -0.019147 -0.020595 0.511331 r 0.051642 -0.009060 -0.002988 0.998623
4 -0.022485 -0.024109 0.526249 r 0.052340 -0.010135 -0.002645 0.998576
5 -0.025487 -0.027140 0.540936 r 0.052772 -0.011095 -0.002441 0.998544
6 -0.028321 -0.029997 0.555504 r 0.053225 -0.011848 -0.002402 0.998512
7 -0.030689 -0.032688 0.570002 r 0.053706 -0.012445 -0.002387 0.998479
8 -0.032139 -0.034928 0.584278 r 0.054087 -0.012758 -0.002377 0.998454
9 -0.036095 -0.035325 0.599784 r 0.054336 -0.014731 -0.000331 0.998416
Residuals: 53.497410
Step 79
0 -0.004384 -0.008290 0.457117 r 0.046820 0.009032 -0.003680 0.998858
1 -0.008499 -0.012230 0.472687 r 0.047919 0.007720 -0.003439 0.998818
2 -0.012448 -0.016455 0.488227 r 0.049058 0.006343 -0.003061 0.998774
3 -0.016005 -0.020026 0.503536 r 0.049923 0.005064 -0.002806 0.998739
4 -0.018907 -0.023484 0.518555 r 0.050622 0.003992 -0.002472 0.998708
5 -0.021481 -0.026461 0.533329 r 0.051055 0.003033 -0.002274 0.998691
6 -0.023894 -0.029266 0.547980 r 0.051506 0.002282 -0.002241 0.998670
7 -0.025844 -0.031908 0.562547 r 0.051987 0.001686 -0.002233 0.998646
8 -0.026885 -0.034098 0.576865 r 0.052367 0.001374 -0.002227 0.998627
9 -0.030402 -0.034447 0.592470 r 0.052645 -0.000595 -0.000182 0.998616
Residuals: 53.533550
Step 80
0 -0.003319 -0.007765 0.461270 r 0.041580 0.016751 -0.003620 0.998990
1 -0.007176 -0.011551 0.476875 r 0.042682 0.015426 -0.003377 0.998967
2 -0.010877 -0.015629 0.492507 r 0.043829 0.014024 -0.002998 0.998939
3 -0.014199 -0.019057 0.507898 r 0.044702 0.012710 -0.002740 0.998918
4 -0.016879 -0.022377 0.522989 r 0.045413 0.011597 -0.002404 0.998900
5 -0.019241 -0.025217 0.537829 r 0.045856 0.010598 -0.002205 0.998892
6 -0.021445 -0.027885 0.552541 r 0.046317 0.009809 -0.002173 0.998879
7 -0.023187 -0.030389 0.567161 r 0.046807 0.009185 -0.002168 0.998862
8 -0.024019 -0.032440 0.581513 r 0.047194 0.008857 -0.002166 0.998846
9 -0.027307 -0.032638 0.597159 r 0.047497 0.006893 -0.000113 0.998850
Residuals: 54.385624
Step 81
0 -0.003079 -0.006876 0.462648 r 0.032633 0.018434 -0.003563 0.999293
1 -0.006848 -0.010641 0.478566 r 0.033849 0.017108 -0.003311 0.999278
2 -0.010458 -0.014683 0.494510 r 0.035116 0.015714 -0.002921 0.999259
3 -0.013692 -0.018066 0.510202 r 0.036121 0.014416 -0.002650 0.999243
4 -0.016289 -0.021321 0.525573 r 0.036959 0.013325 -0.002306 0.999227
5 -0.018553 -0.024114 0.540653 r 0.037518 0.012344 -0.002086 0.999220
6 -0.020665 -0.026700 0.555564 r 0.038077 0.011572 -0.002038 0.999208
7 -0.022321 -0.029082 0.570334 r 0.038641 0.010961 -0.002022 0.999193
8 -0.023079 -0.030970 0.584776 r 0.039077 0.010642 -0.002015 0.999180
9 -0.026311 -0.030936 0.600443 r 0.039413 0.008698 0.000045 0.999188
Residuals: 60.426579
Step 82
0 -0.003580 -0.005472 0.456253 r 0.021340 0.014758 -0.003439 0.999659
1 -0.007460 -0.008881 0.472072 r 0.022557 0.013447 -0.003166 0.999653
2 -0.011178 -0.012564 0.487939 r 0.023821 0.012072 -0.002756 0.999643
3 -0.014516 -0.015592 0.503547 r 0.024823 0.010795 -0.002466 0.999633
4 -0.017213 -0.018498 0.518852 r 0.025657 0.009726 -0.002106 0.999623
5 -0.019574 -0.020946 0.533877 r 0.026211 0.008766 -0.001872 0.999619
6 -0.021782 -0.023192 0.548754 r 0.026766 0.008010 -0.001813 0.999611
7 -0.023534 -0.025237 0.563515 r 0.027327 0.007412 -0.001788 0.999600
8 -0.024389 -0.026796 0.577971 r 0.027760 0.007101 -0.001776 0.999590
9 -0.027721 -0.026409 0.593639 r 0.028087 0.005195 0.000306 0.999595
Residuals: 57.865955
Step 83
0 -0.004831 -0.003667 0.444056 r 0.006775 0.005388 -0.003329 0.999959
1 -0.009003 -0.006619 0.459884 r 0.007977 0.004097 -0.003026 0.999958
2 -0.013010 -0.009836 0.475764 r 0.009218 0.002751 -0.002584 0.999954
3 -0.016628 -0.012399 0.491370 r 0.010191 0.001505 -0.002266 0.999947
4 -0.019598 -0.014843 0.506679 r 0.010992 0.000470 -0.001883 0.999939
5 -0.022225 -0.016836 0.521703 r 0.011514 -0.000461 -0.001630 0.999935
6 -0.024697 -0.018629 0.536578 r 0.012041 -0.001195 -0.001555 0.999928
7 -0.026712 -0.020227 0.551346 r 0.012581 -0.001777 -0.001517 0.999921
8 -0.027827 -0.021351 0.565818 r 0.013002 -0.002080 -0.001496 0.999915
9 -0.031445 -0.020490 0.581407 r 0.013297 -0.003954 0.000617 0.999906
Residuals: 63.057072
Step 84
0 -0.006674 -0.001404 0.424553 r -0.011551 -0.009600 -0.003249 0.999884
1 -0.011332 -0.003764 0.440335 r -0.010347 -0.010896 -0.002906 0.999886
2 -0.015824 -0.006392 0.456179 r -0.009100 -0.012245 -0.002422 0.999884
3 -0.019919 -0.008381 0.471734 r -0.008115 -0.013496 -0.002069 0.999877
4 -0.023354 -0.010267 0.487006 r -0.007300 -0.014534 -0.001656 0.999868
5 -0.026435 -0.011717 0.501980 r -0.006759 -0.015466 -0.001378 0.999859
6 -0.029355 -0.012975 0.516808 r -0.006212 -0.016201 -0.001283 0.999851
7 -0.031814 -0.014040 0.531542 r -0.005656 -0.016785 -0.001226 0.999845
8 -0.033362 -0.014640 0.546000 r -0.005227 -0.017087 -0.001193 0.999842
9 -0.037445 -0.013215 0.561422 r -0.004960 -0.018921 0.000958 0.999811
Residuals: 49.437847
Step 85
0 -0.008584 0.000153 0.438745 r -0.023762 -0.021318 -0.003411 0.999487
1 -0.014178 -0.001670 0.455131 r -0.022610 -0.022674 -0.002981 0.999486
2 -0.019689 -0.003969 0.471528 r -0.021297 -0.024025 -0.002394 0.999485
3 -0.024710 -0.005758 0.487555 r -0.020174 -0.025250 -0.001910 0.999479
4 -0.028859 -0.007375 0.503396 r -0.019277 -0.026183 -0.001369 0.999472
5 -0.032549 -0.008547 0.518874 r -0.018666 -0.026998 -0.000987 0.999463
6 -0.035992 -0.009510 0.534102 r -0.018064 -0.027628 -0.000818 0.999457
7 -0.038901 -0.010258 0.549121 r -0.017478 -0.028132 -0.000717 0.999454
8 -0.040779 -0.010515 0.563585 r -0.017053 -0.028422 -0.000674 0.999453
9 -0.045212 -0.008731 0.578868 r -0.016807 -0.030227 0.001503 0.999403
Residuals: 85.030739
Step 86
0 -0.009975 0.001000 0.455264 r -0.030606 -0.030564 -0.003361 0.999061
1 -0.015862 -0.000661 0.470910 r -0.029443 -0.031900 -0.002898 0.999056
2 -0.021659 -0.002784 0.486681 r -0.028123 -0.033216 -0.002277 0.999053
3 -0.026955 -0.004392 0.502192 r -0.026993 -0.034398 -0.001765 0.999045
4 -0.031353 -0.005836 0.517351 r -0.026094 -0.035286 -0.001204 0.999038
5 -0.035281 -0.006832 0.532201 r -0.025483 -0.036057 -0.000811 0.999027
6 -0.038960 -0.007613 0.546896 r -0.024884 -0.036650 -0.000638 0.999021
7 -0.042108 -0.008174 0.561507 r -0.024303 -0.037127 -0.000536 0.999017
8 -0.044239 -0.008235 0.575885 r -0.023882 -0.037404 -0.000495 0.999017
9 -0.048941 -0.006237 0.591048 r -0.023662 -0.039188 0.001691 0.998953
Residuals: 58.221172
Step 87
0 -0.010988 0.001249 0.466312 r -0.032398 -0.037140 -0.003276 0.998782
1 -0.017096 -0.000368 0.481880 r -0.031235 -0.038476 -0.002796 0.998771
2 -0.023114 -0.002447 0.497572 r -0.029917 -0.039790 -0.002160 0.998761
3 -0.028624 -0.004009 0.513005 r -0.028790 -0.040970 -0.001635 0.998747
4 -0.033228 -0.005408 0.528094 r -0.027894 -0.041854 -0.001065 0.998735
5 -0.037356 -0.006357 0.542876 r -0.027287 -0.042622 -0.000667 0.998721
6 -0.041231 -0.007091 0.557507 r -0.026690 -0.043212 -0.000493 0.998712
7 -0.044573 -0.007603 0.572061 r -0.026112 -0.043687 -0.000392 0.998706
8 -0.046894 -0.007614 0.586400 r -0.025693 -0.043963 -0.000353 0.998705
9 -0.051794 -0.005563 0.601484 r -0.025488 -0.045744 0.001834 0.998629
Residuals: 52.409443
Step 88
0 -0.011725 0.000882 0.471746 r -0.029414 -0.041558 -0.003220 0.998700
1 -0.017987 -0.000846 0.487247 r -0.028234 -0.042872 -0.002727 0.998681
2 -0.024147 -0.003035 0.502859 r -0.026898 -0.044149 -0.002078 0.998664
3 -0.029784 -0.004704 0.518214 r -0.025753 -0.045281 -0.001541 0.998644
4 -0.034504 -0.006204 0.533232 r -0.024844 -0.046112 -0.000961 0.998629
5 -0.038740 -0.007251 0.547948 r -0.024227 -0.046829 -0.000558 0.998612
6 -0.042721 -0.008079 0.562520 r -0.023623 -0.047375 -0.000381 0.998601
7 -0.046169 -0.008682 0.577026 r -0.023041 -0.047817 -0.000279 0.998593
8 -0.048599 -0.008781 0.591334 r -0.022622 -0.048073 -0.000241 0.998590
9 -0.053617 -0.006820 0.606386 r -0.022433 -0.049851 0.001940 0.998505
Residuals: 70.946503
Step 89
0 -0.012060 -0.000143 0.471848 r -0.021402 -0.043587 -0.003165 0.998817
1 -0.018396 -0.002129 0.487286 r -0.020223 -0.044900 -0.002676 0.998786
2 -0.024626 -0.004575 0.502828 r -0.018893 -0.046174 -0.002028 0.998756
3 -0.030330 -0.006493 0.518120 r -0.017757 -0.047300 -0.001494 0.998725
4 -0.035113 -0.008233 0.533078 r -0.016859 -0.048125 -0.000916 0.998700
5 -0.039409 -0.009512 0.547745 r -0.016253 -0.048835 -0.000515 0.998677
6 -0.043448 -0.010570 0.562272 r -0.015659 -0.049374 -0.000342 0.998660
7 -0.046954 -0.011403 0.576743 r -0.015086 -0.049810 -0.000243 0.998647
8 -0.049441 -0.011727 0.591032 r -0.014672 -0.050064 -0.000207 0.998641
9 -0.054519 -0.010008 0.606082 r -0.014491 -0.051860 0.001959 0.998550
Residuals: 56.628120
Step 90
0 -0.012060 -0.001820 0.466487 r -0.008270 -0.043434 -0.003154 0.999019
1 -0.018398 -0.004224 0.481861 r -0.007096 -0.044745 -0.002679 0.998973
2 -0.024626 -0.007086 0.497321 r -0.005775 -0.046014 -0.002045 0.998925
3 -0.030326 -0.009407 0.512541 r -0.004652 -0.047131 -0.001522 0.998880
4 -0.035102 -0.011538 0.527432 r -0.003770 -0.047946 -0.000952 0.998844
5 -0.039390 -0.013198 0.542044 r -0.003180 -0.048645 -0.000560 0.998814
6 -0.043419 -0.014631 0.556525 r -0.002602 -0.049172 -0.000392 0.998790
7 -0.046916 -0.015837 0.570959 r -0.002041 -0.049600 -0.000299 0.998770
8 -0.049395 -0.016531 0.585231 r -0.001636 -0.049850 -0.000268 0.998758
9 -0.054469 -0.015205 0.600322 r -0.001459 -0.051673 0.001874 0.998664
Residuals: 59.194691
Step 91
0 -0.011706 -0.004061 0.455430 r 0.010074 -0.041051 -0.003214 0.999103
1 -0.017980 -0.007040 0.470726 r 0.011265 -0.042371 -0.002766 0.999038
2 -0.024139 -0.010485 0.486084 r 0.012611 -0.043647 -0.002158 0.998968
3 -0.029766 -0.013386 0.501214 r 0.013764 -0.044765 -0.001659 0.998904
4 -0.034466 -0.016084 0.516014 r 0.014678 -0.045579 -0.001108 0.998854
5 -0.038677 -0.018302 0.530550 r 0.015297 -0.046273 -0.000731 0.998814
6 -0.042629 -0.020287 0.544965 r 0.015899 -0.046791 -0.000576 0.998781
7 -0.046050 -0.022041 0.559347 r 0.016478 -0.047211 -0.000493 0.998751
8 -0.048455 -0.023273 0.573588 r 0.016894 -0.047456 -0.000468 0.998733
9 -0.053454 -0.022514 0.588750 r 0.017075 -0.049313 0.001638 0.998639
Residuals: 69.404259
Step 92
0 -0.011279 -0.005948 0.458826 r 0.025086 -0.035152 -0.003089 0.999064
1 -0.017642 -0.009441 0.474288 r 0.026284 -0.036609 -0.002666 0.998984
2 -0.023923 -0.013395 0.489785 r 0.027640 -0.038033 -0.002072 0.998895
3 -0.029619 -0.016807 0.505054 r 0.028807 -0.039296 -0.001590 0.998814
4 -0.034363 -0.020005 0.519969 r 0.029737 -0.040249 -0.001056 0.998748
5 -0.038593 -0.022709 0.534602 r 0.030373 -0.041064 -0.000693 0.998697
6 -0.042532 -0.025169 0.549089 r 0.030989 -0.041679 -0.000554 0.998653
7 -0.045903 -0.027387 0.563508 r 0.031579 -0.042169 -0.000485 0.998614
8 -0.048172 -0.029056 0.577739 r 0.031997 -0.042418 -0.000465 0.998590
9 -0.053020 -0.028763 0.592960 r 0.032191 -0.044308 0.001613 0.998501
Residuals: 66.491722
Step 93
0 -0.010519 -0.007459 0.465184 r 0.036726 -0.027469 -0.002915 0.998946
1 -0.016647 -0.011330 0.480556 r 0.037925 -0.028913 -0.002513 0.998862
2 -0.022689 -0.015656 0.495970 r 0.039275 -0.030322 -0.001942 0.998770
3 -0.028145 -0.019428 0.511179 r 0.040428 -0.031562 -0.001479 0.998686
4 -0.032650 -0.022968 0.526039 r 0.041342 -0.032493 -0.000958 0.998618
5 -0.036646 -0.026004 0.540638 r 0.041953 -0.033281 -0.000608 0.998568
6 -0.040362 -0.028795 0.555104 r 0.042546 -0.033879 -0.000480 0.998523
7 -0.043507 -0.031340 0.569514 r 0.043114 -0.034357 -0.000423 0.998482
8 -0.045550 -0.033330 0.583734 r 0.043519 -0.034600 -0.000410 0.998456
9 -0.050162 -0.033389 0.599032 r 0.043722 -0.036516 0.001643 0.998378
Residuals: 56.175362
Step 94
0 -0.009312 -0.008596 0.467333 r 0.045359 -0.017112 -0.002744 0.998823
1 -0.015126 -0.012754 0.482746 r 0.046558 -0.018562 -0.002366 0.998744
2 -0.020852 -0.017362 0.498185 r 0.047906 -0.019981 -0.001818 0.998654
3 -0.025999 -0.021405 0.513408 r 0.049050 -0.021231 -0.001377 0.998573
4 -0.030202 -0.025206 0.528268 r 0.049954 -0.022174 -0.000873 0.998507
5 -0.033901 -0.028493 0.542858 r 0.050553 -0.022972 -0.000537 0.998460
6 -0.037323 -0.031532 0.557324 r 0.051133 -0.023578 -0.000421 0.998416
7 -0.040174 -0.034324 0.571728 r 0.051691 -0.024062 -0.000375 0.998376
8 -0.041926 -0.036557 0.585939 r 0.052090 -0.024310 -0.000370 0.998349
9 -0.046226 -0.036882 0.601316 r 0.052314 -0.026247 0.001663 0.998287
Residuals: 46.115608
Step 95
0 -0.007696 -0.009323 0.465039 r 0.051153 -0.003922 -0.002634 0.998682
1 -0.013109 -0.013680 0.480549 r 0.052360 -0.005390 -0.002280 0.998615
2 -0.018437 -0.018484 0.496077 r 0.053714 -0.006833 -0.001759 0.998535
3 -0.023193 -0.022721 0.511378 r 0.054864 -0.008109 -0.001340 0.998463
4 -0.027017 -0.026707 0.526295 r 0.055773 -0.009080 -0.000855 0.998404
5 -0.030347 -0.030175 0.540934 r 0.056376 -0.009904 -0.000532 0.998363
6 -0.033400 -0.033392 0.555444 r 0.056957 -0.010531 -0.000428 0.998324
7 -0.035883 -0.036358 0.569882 r 0.057517 -0.011030 -0.000393 0.998286
8 -0.037268 -0.038762 0.584107 r 0.057916 -0.011287 -0.000396 0.998260
9 -0.041171 -0.039276 0.599586 r 0.058171 -0.013241 0.001623 0.998220
Residuals: 49.015064
Step 96
0 -0.005748 -0.009685 0.458268 r 0.054219 0.012483 -0.002519 0.998450
1 -0.010732 -0.014222 0.473903 r 0.055455 0.010973 -0.002213 0.998402
2 -0.015636 -0.019207 0.489554 r 0.056835 0.009483 -0.001750 0.998341
3 -0.019990 -0.023614 0.504968 r 0.058002 0.008156 -0.001383 0.998285
4 -0.023426 -0.027752 0.519973 r 0.058917 0.007125 -0.000952 0.998239
5 -0.026372 -0.031363 0.534691 r 0.059520 0.006242 -0.000677 0.998211
6 -0.029034 -0.034715 0.549276 r 0.060097 0.005564 -0.000618 0.998180
7 -0.031107 -0.037805 0.563772 r 0.060655 0.005026 -0.000620 0.998149
8 -0.032040 -0.040303 0.578027 r 0.061056 0.004762 -0.000631 0.998126
9 -0.035462 -0.040931 0.593637 r 0.061350 0.002784 0.001373 0.998114
Residuals: 52.079124
Step 97
0 -0.004187 -0.009783 0.470759 r 0.055246 0.022690 -0.002500 0.998214
1 -0.008461 -0.014249 0.487168 r 0.056184 0.021236 -0.002103 0.998196
2 -0.012644 -0.019087 0.503616 r 0.057206 0.019742 -0.001548 0.998170
3 -0.016493 -0.023290 0.519915 r 0.058066 0.018319 -0.001079 0.998147
4 -0.019517 -0.027311 0.535700 r 0.058706 0.017175 -0.000594 0.998129
5 -0.022140 -0.031093 0.551044 r 0.059071 0.016162 -0.000187 0.998126
6 -0.024549 -0.034807 0.566105 r 0.059464 0.015353 0.000064 0.998115
7 -0.026382 -0.038253 0.580938 r 0.059894 0.014704 0.000236 0.998099
8 -0.027046 -0.040777 0.595232 r 0.060282 0.014421 0.000242 0.998080
9 -0.030198 -0.041526 0.610911 r 0.060602 0.012405 0.002290 0.998085
Residuals: 69.399864
Step 98
0 -0.003552 -0.009667 0.477493 r 0.052765 0.027625 -0.001908 0.998226
1 -0.007683 -0.013975 0.493078 r 0.053698 0.026180 -0.001507 0.998216
2 -0.011725 -0.018646 0.508682 r 0.054709 0.024690 -0.000948 0.998200
3 -0.015437 -0.022678 0.524149 r 0.055554 0.023269 -0.000474 0.998188
4 -0.018326 -0.026537 0.539204 r 0.056176 0.022123 0.000014 0.998178
5 -0.020815 -0.030171 0.553958 r 0.056523 0.021106 0.000423 0.998181
6 -0.023087 -0.033752 0.568578 r 0.056899 0.020292 0.000673 0.998177
7 -0.024782 -0.037081 0.583111 r 0.057315 0.019639 0.000843 0.998165
8 -0.025303 -0.039525 0.597400 r 0.057693 0.019352 0.000846 0.998149
9 -0.028293 -0.040173 0.613160 r 0.057993 0.017345 0.002899 0.998165
Residuals: 59.093655
Step 99
0 -0.003671 -0.009133 0.478511 r 0.047453 0.026826 -0.001259 0.998515
1 -0.007808 -0.013290 0.494117 r 0.048388 0.025381 -0.000847 0.998509
2 -0.011860 -0.017811 0.509749 r 0.049403 0.023886 -0.000276 0.998497
3 -0.015589 -0.021695 0.525239 r 0.050253 0.022454 0.000208 0.998487
4 -0.018497 -0.025408 0.540321 r 0.050880 0.021296 0.000704 0.998479
5 -0.021009 -0.028900 0.555100 r 0.051233 0.020265 0.001120 0.998484
6 -0.023306 -0.032338 0.569747 r 0.051614 0.019438 0.001374 0.998480
7 -0.025026 -0.035523 0.584306 r 0.052035 0.018775 0.001547 0.998470
8 -0.025572 -0.037821 0.598616 r 0.052418 0.018482 0.001550 0.998456
9 -0.028594 -0.038306 0.614314 r 0.052723 0.016483 0.003614 0.998469
Residuals: 49.551762
Step 100
0 -0.004610 -0.008215 0.473297 r 0.039033 0.020575 -0.000459 0.999029
1 -0.008941 -0.012231 0.488934 r 0.040028 0.019107 -0.000050 0.999019
2 -0.013186 -0.016623 0.504611 r 0.041113 0.017585 0.000515 0.999003
3 -0.017116 -0.020404 0.520144 r 0.042052 0.016111 0.000986 0.998988
4 -0.020214 -0.024021 0.535278 r 0.042772 0.014910 0.001459 0.998975
5 -0.022906 -0.027407 0.550114 r 0.043210 0.013838 0.001846 0.998972
6 -0.025382 -0.030726 0.564816 r 0.043667 0.012977 0.002073 0.998963
7 -0.027280 -0.033767 0.579425 r 0.044148 0.012289 0.002225 0.998950
8 -0.028004 -0.035895 0.593775 r 0.044570 0.011983 0.002213 0.998935
9 -0.031231 -0.036153 0.609440 r 0.044891 0.010004 0.004284 0.998936
Residuals: 52.246487
# Kernel took: 416114725675	 Simulation took: 416114805930
