### BUILDING ###
[0/2] Re-checking globbed directories...
ninja: no work to do.

real	0m0.320s
user	0m0.030s
sys	0m0.006s
### RUNNING ###
# model_id: 99
# scene-count: 2048
# substeps: 20
# Body count: 1
# Constraint count: 0
# Gravity: [0.000000 0.000000 -980.000000]
# Ground size: 20.000000
# Time Step: 0.010000
# End Time: 1.000000
# Steps: 100
# Substeps: 20
# Iterations: ->5 <-25
# Running with CUDA #
# thread blocks: 8
# Trying to read velocities from "/mnt/c/Users/andre/Desktop/code/graphics/491/cuda-xpbd/cmaes/data/velocities.txt"
5 5 1.007063 1.001096 0.500000 r -0.000000 -0.000000 0.111757 0.9937366 
6 1.002438 1.000562 0.500000 r 0.000000 0.000000 0.231682 0.9727921.001473 1.003985 0.500000 r -0.000000 0.000000 0.149538 0.9887561.001028 1.003854 0.500000 r -0.000000 0.000000 0.059174 0.998248

6 
0.989790 1.000738 0.500000 r 0.000000 0.000000 0.112120 0.9936951.001736 0.989074 0.500000 r -0.000000 -0.000000 0.051567 0.9986706 Step 54
Step 54
6 

6 1.000790 0.997958 0.500000 r 0.000000 -0.000000 0.055120 0.9984800.995797 1.005766 0.500000 r -0.000000 0.000000 0.129914 0.9915257 
0 7 0 1.000573 0.990237 0.500000 r -0.000000 -0.000000 0.142999 0.9897231.001374 0.994617 0.500000 r -0.000000 -0.000000 0.098188 0.995168

7 
1.002043 1.012230 0.500000 r 0.000000 0.000000 0.051747 0.9986600.964812 1.009629 0.500000 r 0.000000 0.000000 0.069500 0.9975821.000215 1.005249 0.500000 r -0.000000 -0.000000 0.180596 0.9835581.005862 1.005287 0.500000 r -0.000000 0.000000 0.121618 0.9925777 

7 7 

0.999550 0.997839 0.500000 r 0.000000 -0.000000 0.163418 0.986557
1 1 0.990540 0.987260 0.500000 r -0.000000 0.000000 0.150021 0.9886830.998419 1.001492 0.500000 r -0.000000 -0.000000 0.181149 0.9834561.002014 1.003886 0.500000 r 0.000000 0.000000 0.084575 0.996418


1.007510 1.014414 0.500000 r 0.000000 0.000000 0.274575 0.9615660.995274 1.003850 0.500000 r -0.000000 -0.000000 0.200264 0.979742

2 2 0.997347 0.996266 0.500000 r 0.000000 0.000000 0.186099 0.9825310.997301 0.995024 0.500000 r -0.000000 -0.000000 0.089606 0.995977

3 3 1.000010 0.999976 0.500000 r 0.000000 0.000000 0.090345 0.9959110.996969 1.006123 0.500000 r -0.000000 -0.000000 0.068394 0.9976591.010541 0.995686 0.500000 r 0.000000 0.000000 0.076374 0.9970790.991551 1.011343 0.500000 r -0.000000 0.000000 0.278213 0.9605201.002580 0.996764 0.500000 r -0.000000 0.000000 0.144612 0.9894890.997301 0.995024 0.500000 r -0.000000 -0.000000 0.089606 0.995977

2 2 2 2 2 2 2 2 0.995813 0.991267 0.500000 r 0.000000 0.000000 0.131077 0.9913720.997347 0.996266 0.500000 r 0.000000 0.000000 0.186099 0.9825311.003299 0.998571 0.500000 r 0.000000 0.000000 0.169541 0.9855230.996969 1.006123 0.500000 r -0.000000 -0.000000 0.068394 0.9976590.991551 1.011343 0.500000 r -0.000000 0.000000 0.278213 0.9605200.997301 0.995024 0.500000 r -0.000000 -0.000000 0.089606 0.9959771.010541 0.995686 0.500000 r 0.000000 0.000000 0.076374 0.9970791.002580 0.996764 0.500000 r -0.000000 0.000000 0.144612 0.989489







3 3 3 3 3 3 3 3 0.996140 1.017807 0.500000 r 0.000000 0.000000 0.261431 0.9652221.000010 0.999976 0.500000 r 0.000000 0.000000 0.090345 0.9959110.996699 1.005535 0.500000 r -0.000000 0.000000 0.035390 0.9993741.008722 1.004363 0.500000 r -0.000000 -0.000000 0.048950 0.9988010.999544 1.002182 0.500000 r 0.000000 -0.000000 0.178395 0.9839590.998091 1.000783 0.500000 r -0.000000 -0.000000 0.074600 0.9972141.013741 1.007422 0.500000 r 0.000000 0.000000 0.217562 0.9760470.997820 1.003535 0.500000 r 0.000000 0.000000 0.173672 0.984804







4 4 4 4 4 4 4 4 0.999067 1.000244 0.500000 r -0.000000 0.000000 0.141335 0.9899621.005746 1.002255 0.500000 r -0.000000 -0.000000 0.087440 0.9961701.005459 0.998080 0.500000 r 0.000000 -0.000000 0.145921 0.9892960.997054 1.002604 0.500000 r -0.000000 -0.000000 0.108143 0.9941361.000519 1.009521 0.500000 r 0.000000 -0.000000 0.184313 0.9828680.998441 0.989378 0.500000 r -0.000000 0.000000 0.233649 0.9723211.006293 1.000784 0.500000 r -0.000000 -0.000000 0.174543 0.9846501.019048 0.998569 0.500000 r -0.000000 0.000000 0.094004 0.995572







5 5 5 5 5 5 5 5 1.001562 0.999105 0.500000 r -0.000000 -0.000000 0.084272 0.9964431.001938 1.000111 0.500000 r -0.000000 0.000000 0.100426 0.9949451.004173 1.000483 0.500000 r 0.000000 -0.000000 0.053594 0.9985631.002438 1.000562 0.500000 r 0.000000 0.000000 0.231682 0.9727921.001473 1.003985 0.500000 r -0.000000 0.000000 0.149538 0.9887560.993515 0.998589 0.500000 r -0.000000 -0.000000 0.179845 0.9836951.001028 1.003854 0.500000 r -0.000000 0.000000 0.059174 0.9982481.007063 1.001096 0.500000 r -0.000000 -0.000000 0.111757 0.993736







6 6 6 6 6 6 6 6 0.989790 1.000738 0.500000 r 0.000000 0.000000 0.112120 0.9936951.010371 0.996280 0.500000 r -0.000000 -0.000000 0.139879 0.9901691.001736 0.989074 0.500000 r 0.000000 -0.000000 0.051567 0.9986700.995797 1.005766 0.500000 r -0.000000 0.000000 0.129914 0.9915251.001374 0.994617 0.500000 r 0.000000 -0.000000 0.098188 0.9951681.000099 0.999983 0.500000 r 0.000000 0.000000 0.168291 0.9857381.000573 0.990237 0.500000 r -0.000000 -0.000000 0.142999 0.9897231.000790 0.997958 0.500000 r 0.000000 -0.000000 0.055120 0.998480







7 7 7 7 7 7 7 7 1.000215 1.005249 0.500000 r -0.000000 -0.000000 0.180596 0.9835580.997106 0.997716 0.500000 r -0.000000 0.000000 0.061928 0.9980811.005862 1.005287 0.500000 r -0.000000 0.000000 0.121618 0.9925770.990540 0.987260 0.500000 r -0.000000 0.000000 0.150021 0.9886831.002014 1.003886 0.500000 r 0.000000 0.000000 0.084575 0.9964180.998419 1.001492 0.500000 r -0.000000 -0.000000 0.181149 0.9834560.995952 1.001500 0.500000 r -0.000000 -0.000000 0.227910 0.9736830.999550 0.997839 0.500000 r 0.000000 -0.000000 0.163418 0.986557







Step 81
Step 82
Step 83
Step 81
Step 80
Step 82
Step 81
Step 80
0 0 0 0 0 0 0 0 1.008049 1.001997 0.500000 r -0.000000 -0.000000 0.063801 0.9979631.002043 1.012230 0.500000 r 0.000000 0.000000 0.051747 0.9986601.002606 1.000077 0.500000 r 0.000000 0.000000 0.076349 0.9970811.010236 0.996922 0.500000 r -0.000000 0.000000 0.131936 0.9912581.003319 1.003525 0.500000 r 0.000000 0.000000 0.158520 0.9873561.007400 1.002708 0.500000 r 0.000000 -0.000000 0.189444 0.9818920.964812 1.009629 0.500000 r 0.000000 0.000000 0.069500 0.9975821.006719 0.995840 0.500000 r -0.000000 -0.000000 0.137226 0.990540







1 1 1 1 1 1 1 1 1.002180 1.001333 0.500000 r -0.000000 -0.000000 0.046958 0.9988971.007510 1.014414 0.500000 r 0.000000 0.000000 0.274575 0.9615661.001044 0.998411 0.500000 r -0.000000 -0.000000 0.187676 0.9822310.991327 1.005384 0.500000 r 0.000000 0.000000 0.093883 0.9955840.999314 0.991917 0.500000 r 0.000000 0.000000 0.143855 0.9895991.004362 1.003189 0.500000 r 0.000000 -0.000000 0.103883 0.9945900.995274 1.003850 0.500000 r -0.000000 -0.000000 0.200264 0.9797421.000888 1.003776 0.500000 r -0.000000 -0.000000 0.103983 0.994579







2 2 2 2 2 2 2 2 0.995813 0.991267 0.500000 r 0.000000 0.000000 0.131077 0.9913720.997347 0.996266 0.500000 r 0.000000 0.000000 0.186099 0.9825311.003299 0.998571 0.500000 r 0.000000 0.000000 0.169541 0.9855230.996969 1.006123 0.500000 r -0.000000 -0.000000 0.068394 0.9976591.010541 0.995686 0.500000 r 0.000000 0.000000 0.076374 0.9970790.991551 1.011343 0.500000 r -0.000000 0.000000 0.278213 0.9605200.997301 0.995024 0.500000 r -0.000000 -0.000000 0.089606 0.9959771.002580 0.996764 0.500000 r -0.000000 0.000000 0.144612 0.989489







3 3 3 3 3 3 3 3 0.996140 1.017807 0.500000 r 0.000000 0.000000 0.261431 0.9652221.000010 0.999976 0.500000 r 0.000000 0.000000 0.090345 0.9959110.996699 1.005535 0.500000 r -0.000000 0.000000 0.035390 0.9993741.008722 1.004363 0.500000 r -0.000000 -0.000000 0.048950 0.9988010.999544 1.002182 0.500000 r 0.000000 -0.000000 0.178395 0.9839590.998091 1.000783 0.500000 r -0.000000 -0.000000 0.074600 0.9972141.013741 1.007422 0.500000 r 0.000000 0.000000 0.217561 0.9760470.997820 1.003535 0.500000 r 0.000000 0.000000 0.173672 0.984804







4 4 4 4 4 4 4 4 0.999067 1.000244 0.500000 r -0.000000 0.000000 0.141335 0.9899621.005746 1.002255 0.500000 r -0.000000 -0.000000 0.087440 0.9961700.997054 1.002604 0.500000 r -0.000000 -0.000000 0.108143 0.9941361.005459 0.998080 0.500000 r 0.000000 -0.000000 0.145921 0.9892961.006293 1.000784 0.500000 r -0.000000 -0.000000 0.174543 0.9846501.019048 0.998569 0.500000 r -0.000000 0.000000 0.094004 0.9955721.000519 1.009521 0.500000 r 0.000000 -0.000000 0.184313 0.9828680.998441 0.989378 0.500000 r -0.000000 0.000000 0.233649 0.972321







5 5 5 5 5 5 5 5 1.001562 0.999105 0.500000 r -0.000000 -0.000000 0.084272 0.9964431.001938 1.000111 0.500000 r -0.000000 0.000000 0.100426 0.9949451.004173 1.000483 0.500000 r 0.000000 -0.000000 0.053594 0.9985631.001473 1.003985 0.500000 r -0.000000 0.000000 0.149538 0.9887561.001028 1.003854 0.500000 r -0.000000 0.000000 0.059174 0.9982481.002438 1.000562 0.500000 r 0.000000 0.000000 0.231682 0.9727920.993515 0.998589 0.500000 r -0.000000 -0.000000 0.179845 0.9836951.007063 1.001096 0.500000 r -0.000000 -0.000000 0.111757 0.993736







6 6 6 6 6 6 6 6 0.989790 1.000738 0.500000 r 0.000000 0.000000 0.112120 0.9936951.010371 0.996280 0.500000 r -0.000000 -0.000000 0.139879 0.9901691.001736 0.989074 0.500000 r 0.000000 -0.000000 0.051567 0.9986700.995797 1.005766 0.500000 r -0.000000 0.000000 0.129914 0.9915251.001374 0.994617 0.500000 r 0.000000 -0.000000 0.098188 0.9951681.000573 0.990237 0.500000 r -0.000000 -0.000000 0.142999 0.9897231.000099 0.999983 0.500000 r 0.000000 0.000000 0.168291 0.9857381.000790 0.997958 0.500000 r 0.000000 -0.000000 0.055120 0.998480







7 7 7 7 7 7 7 7 1.000215 1.005249 0.500000 r -0.000000 -0.000000 0.180596 0.9835580.997106 0.997716 0.500000 r -0.000000 0.000000 0.061928 0.9980811.005862 1.005287 0.500000 r -0.000000 0.000000 0.121618 0.9925770.990540 0.987260 0.500000 r -0.000000 0.000000 0.150021 0.9886831.002014 1.003886 0.500000 r 0.000000 0.000000 0.084575 0.9964180.995952 1.001500 0.500000 r -0.000000 -0.000000 0.227910 0.9736830.998419 1.001492 0.500000 r -0.000000 -0.000000 0.181149 0.9834560.999550 0.997839 0.500000 r 0.000000 -0.000000 0.163418 0.986557







Step 83
Step 81
Step 82
Step 84
Step 82
Step 83
Step 81
Step 82
0 0 0 0 0 0 0 0 1.010236 0.996922 0.500000 r -0.000000 0.000000 0.131936 0.9912581.002043 1.012230 0.500000 r 0.000000 0.000000 0.051747 0.9986601.008049 1.001997 0.500000 r -0.000000 -0.000000 0.063801 0.9979631.002606 1.000077 0.500000 r 0.000000 0.000000 0.076349 0.9970811.007400 1.002708 0.500000 r 0.000000 -0.000000 0.189444 0.9818921.003319 1.003525 0.500000 r 0.000000 0.000000 0.158520 0.9873561.006719 0.995840 0.500000 r -0.000000 -0.000000 0.137226 0.9905400.964812 1.009629 0.500000 r 0.000000 0.000000 0.069500 0.997582







1 1 1 1 1 1 1 1 0.991327 1.005384 0.500000 r 0.000000 0.000000 0.093883 0.9955841.007510 1.014414 0.500000 r 0.000000 0.000000 0.274575 0.9615661.002180 1.001333 0.500000 r -0.000000 -0.000000 0.046958 0.9988971.001044 0.998411 0.500000 r -0.000000 -0.000000 0.187676 0.9822310.999314 0.991917 0.500000 r 0.000000 0.000000 0.143855 0.9895991.004362 1.003189 0.500000 r 0.000000 -0.000000 0.103883 0.9945900.995274 1.003850 0.500000 r -0.000000 -0.000000 0.200264 0.9797421.000888 1.003776 0.500000 r -0.000000 -0.000000 0.103983 0.994579







2 2 2 2 2 2 2 2 0.996969 1.006123 0.500000 r -0.000000 -0.000000 0.068394 0.9976590.995813 0.991267 0.500000 r 0.000000 0.000000 0.131077 0.9913720.997347 0.996266 0.500000 r 0.000000 0.000000 0.186099 0.9825311.003299 0.998571 0.500000 r 0.000000 0.000000 0.169541 0.9855231.010541 0.995686 0.500000 r 0.000000 0.000000 0.076374 0.9970790.991551 1.011343 0.500000 r -0.000000 0.000000 0.278213 0.9605200.997301 0.995024 0.500000 r -0.000000 -0.000000 0.089606 0.9959771.002580 0.996764 0.500000 r -0.000000 0.000000 0.144612 0.989489







3 3 3 3 3 3 3 3 1.008722 1.004363 0.500000 r -0.000000 -0.000000 0.048950 0.9988010.996140 1.017807 0.500000 r 0.000000 0.000000 0.261431 0.9652221.000010 0.999976 0.500000 r 0.000000 0.000000 0.090345 0.9959110.996699 1.005535 0.500000 r -0.000000 0.000000 0.035390 0.9993740.999544 1.002182 0.500000 r 0.000000 -0.000000 0.178395 0.9839590.998091 1.000783 0.500000 r -0.000000 -0.000000 0.074600 0.9972141.013741 1.007422 0.500000 r 0.000000 0.000000 0.217561 0.9760470.997820 1.003535 0.500000 r 0.000000 0.000000 0.173672 0.984804







4 4 4 4 4 4 4 4 1.005459 0.998080 0.500000 r 0.000000 -0.000000 0.145921 0.9892960.999067 1.000244 0.500000 r -0.000000 0.000000 0.141335 0.9899621.005746 1.002255 0.500000 r -0.000000 -0.000000 0.087440 0.9961700.997054 1.002604 0.500000 r -0.000000 -0.000000 0.108143 0.9941361.006293 1.000784 0.500000 r -0.000000 -0.000000 0.174543 0.9846501.000519 1.009521 0.500000 r 0.000000 -0.000000 0.184313 0.9828681.019048 0.998569 0.500000 r -0.000000 0.000000 0.094004 0.9955720.998441 0.989378 0.500000 r -0.000000 0.000000 0.233649 0.972321







5 5 5 5 5 5 5 5 1.001473 1.003985 0.500000 r -0.000000 0.000000 0.149538 0.9887561.001938 1.000111 0.500000 r -0.000000 0.000000 0.100426 0.9949451.001562 0.999105 0.500000 r -0.000000 -0.000000 0.084272 0.9964431.004173 1.000483 0.500000 r 0.000000 -0.000000 0.053594 0.9985631.001028 1.003854 0.500000 r -0.000000 0.000000 0.059174 0.9982481.002438 1.000562 0.500000 r 0.000000 0.000000 0.231682 0.9727920.993515 0.998589 0.500000 r -0.000000 -0.000000 0.179845 0.9836951.007063 1.001096 0.500000 r -0.000000 -0.000000 0.111757 0.993736







6 6 6 6 6 6 6 6 0.995797 1.005766 0.500000 r -0.000000 0.000000 0.129914 0.9915250.989790 1.000738 0.500000 r 0.000000 0.000000 0.112120 0.9936951.010371 0.996280 0.500000 r -0.000000 -0.000000 0.139879 0.9901691.001736 0.989074 0.500000 r -0.000000 -0.000000 0.051567 0.9986701.000573 0.990237 0.500000 r -0.000000 -0.000000 0.142999 0.9897231.001374 0.994617 0.500000 r 0.000000 -0.000000 0.098188 0.9951681.000099 0.999983 0.500000 r 0.000000 0.000000 0.168291 0.9857381.000790 0.997958 0.500000 r 0.000000 -0.000000 0.055120 0.998480







7 7 7 7 7 7 7 7 1.000215 1.005249 0.500000 r -0.000000 -0.000000 0.180596 0.9835580.997106 0.997716 0.500000 r -0.000000 0.000000 0.061928 0.9980810.990540 0.987260 0.500000 r -0.000000 0.000000 0.150021 0.9886831.005862 1.005287 0.500000 r -0.000000 0.000000 0.121618 0.9925771.002014 1.003886 0.500000 r 0.000000 0.000000 0.084575 0.9964180.998419 1.001492 0.500000 r -0.000000 -0.000000 0.181149 0.9834560.999550 0.997839 0.500000 r 0.000000 -0.000000 0.163418 0.9865570.995952 1.001500 0.500000 r -0.000000 -0.000000 0.227910 0.973683







Step 83
Step 84
Step 85
Step 83
Step 84
Step 82
Step 83
Step 82
0 0 0 0 0 0 0 0 1.008049 1.001997 0.500000 r -0.000000 -0.000000 0.063801 0.9979631.002043 1.012230 0.500000 r 0.000000 0.000000 0.051747 0.9986601.002606 1.000077 0.500000 r 0.000000 0.000000 0.076349 0.9970811.010236 0.996922 0.500000 r -0.000000 0.000000 0.131936 0.9912580.964812 1.009629 0.500000 r 0.000000 0.000000 0.069500 0.9975821.007400 1.002708 0.500000 r 0.000000 -0.000000 0.189444 0.9818921.006719 0.995840 0.500000 r -0.000000 -0.000000 0.137226 0.9905401.003319 1.003525 0.500000 r 0.000000 0.000000 0.158520 0.987356







1 1 1 1 1 1 1 1 1.007510 1.014414 0.500000 r 0.000000 0.000000 0.274575 0.9615661.002180 1.001333 0.500000 r -0.000000 -0.000000 0.046958 0.9988971.001044 0.998411 0.500000 r -0.000000 -0.000000 0.187676 0.9822310.991327 1.005384 0.500000 r 0.000000 0.000000 0.093883 0.9955840.999314 0.991917 0.500000 r 0.000000 0.000000 0.143855 0.9895991.004362 1.003189 0.500000 r 0.000000 -0.000000 0.103883 0.9945900.995274 1.003850 0.500000 r -0.000000 -0.000000 0.200264 0.9797421.000888 1.003776 0.500000 r -0.000000 -0.000000 0.103983 0.994579







2 2 2 2 2 2 2 2 0.997347 0.996266 0.500000 r 0.000000 0.000000 0.186099 0.9825310.995813 0.991267 0.500000 r 0.000000 0.000000 0.131077 0.9913720.996969 1.006123 0.500000 r -0.000000 -0.000000 0.068394 0.9976591.003299 0.998571 0.500000 r 0.000000 0.000000 0.169541 0.9855231.010541 0.995686 0.500000 r 0.000000 0.000000 0.076374 0.9970790.991551 1.011343 0.500000 r -0.000000 0.000000 0.278213 0.9605200.997301 0.995024 0.500000 r -0.000000 -0.000000 0.089606 0.9959771.002580 0.996764 0.500000 r -0.000000 0.000000 0.144612 0.989489







3 3 3 3 3 3 3 3 1.000010 0.999976 0.500000 r 0.000000 0.000000 0.090345 0.9959110.996140 1.017807 0.500000 r 0.000000 0.000000 0.261431 0.9652221.008722 1.004363 0.500000 r -0.000000 -0.000000 0.048950 0.9988010.996699 1.005535 0.500000 r -0.000000 0.000000 0.035390 0.9993740.999544 1.002182 0.500000 r 0.000000 -0.000000 0.178395 0.9839590.998091 1.000783 0.500000 r -0.000000 -0.000000 0.074600 0.9972141.013741 1.007422 0.500000 r 0.000000 0.000000 0.217562 0.9760470.997820 1.003535 0.500000 r 0.000000 0.000000 0.173672 0.984804







4 4 4 4 4 4 4 4 0.999067 1.000244 0.500000 r -0.000000 0.000000 0.141335 0.9899621.005746 1.002255 0.500000 r -0.000000 -0.000000 0.087440 0.9961700.997054 1.002604 0.500000 r -0.000000 -0.000000 0.108143 0.9941361.005459 0.998080 0.500000 r 0.000000 -0.000000 0.145921 0.9892961.000519 1.009521 0.500000 r 0.000000 -0.000000 0.184313 0.9828681.006293 1.000784 0.500000 r -0.000000 -0.000000 0.174543 0.9846501.019048 0.998569 0.500000 r -0.000000 0.000000 0.094004 0.9955720.998441 0.989378 0.500000 r -0.000000 0.000000 0.233649 0.972321







5 5 5 5 5 5 5 5 1.001562 0.999105 0.500000 r -0.000000 -0.000000 0.084272 0.9964431.001938 1.000111 0.500000 r -0.000000 0.000000 0.100426 0.9949451.004173 1.000483 0.500000 r -0.000000 -0.000000 0.053594 0.9985631.001473 1.003985 0.500000 r -0.000000 0.000000 0.149538 0.9887561.001028 1.003854 0.500000 r -0.000000 0.000000 0.059174 0.9982481.002438 1.000562 0.500000 r 0.000000 0.000000 0.231682 0.9727921.007063 1.001096 0.500000 r -0.000000 -0.000000 0.111757 0.9937360.993515 0.998589 0.500000 r -0.000000 -0.000000 0.179845 0.983695







6 6 6 6 6 6 6 6 0.989790 1.000738 0.500000 r 0.000000 0.000000 0.112120 0.9936951.010371 0.996280 0.500000 r -0.000000 -0.000000 0.139879 0.9901691.001736 0.989074 0.500000 r -0.000000 -0.000000 0.051567 0.9986700.995797 1.005766 0.500000 r -0.000000 0.000000 0.129914 0.9915251.000573 0.990237 0.500000 r -0.000000 -0.000000 0.142999 0.9897231.001374 0.994617 0.500000 r 0.000000 -0.000000 0.098188 0.9951681.000790 0.997958 0.500000 r -0.000000 -0.000000 0.055120 0.9984801.000099 0.999983 0.500000 r 0.000000 0.000000 0.168291 0.985738







7 7 7 7 7 7 7 7 1.000215 1.005249 0.500000 r -0.000000 -0.000000 0.180596 0.9835580.997106 0.997716 0.500000 r -0.000000 0.000000 0.061928 0.9980811.005862 1.005287 0.500000 r -0.000000 0.000000 0.121618 0.9925771.002014 1.003886 0.500000 r 0.000000 0.000000 0.084575 0.9964180.990540 0.987260 0.500000 r -0.000000 0.000000 0.150021 0.9886830.995952 1.001500 0.500000 r -0.000000 -0.000000 0.227910 0.9736830.998419 1.001492 0.500000 r -0.000000 -0.000000 0.181149 0.9834560.999550 0.997839 0.500000 r 0.000000 -0.000000 0.163418 0.986557







Step 84
Step 85
Step 86
Step 84
Step 85
Step 84
Step 83
Step 83
0 0 0 0 0 0 0 0 1.008049 1.001997 0.500000 r -0.000000 -0.000000 0.063801 0.9979631.002043 1.012230 0.500000 r 0.000000 0.000000 0.051747 0.9986601.002606 1.000077 0.500000 r 0.000000 0.000000 0.076349 0.9970811.010236 0.996922 0.500000 r -0.000000 0.000000 0.131936 0.9912580.964812 1.009629 0.500000 r 0.000000 0.000000 0.069500 0.9975821.007400 1.002708 0.500000 r 0.000000 -0.000000 0.189444 0.9818921.003319 1.003525 0.500000 r 0.000000 0.000000 0.158520 0.9873561.006719 0.995840 0.500000 r -0.000000 -0.000000 0.137226 0.990540







1 1 1 1 1 1 1 1 1.002180 1.001333 0.500000 r -0.000000 -0.000000 0.046958 0.9988971.007510 1.014414 0.500000 r 0.000000 0.000000 0.274575 0.9615661.001044 0.998411 0.500000 r -0.000000 -0.000000 0.187676 0.9822310.991327 1.005384 0.500000 r 0.000000 0.000000 0.093883 0.9955840.999314 0.991917 0.500000 r 0.000000 0.000000 0.143855 0.9895991.004362 1.003189 0.500000 r 0.000000 -0.000000 0.103883 0.9945900.995274 1.003850 0.500000 r -0.000000 -0.000000 0.200264 0.9797421.000888 1.003776 0.500000 r -0.000000 -0.000000 0.103983 0.994579







2 2 2 2 2 2 2 2 0.995813 0.991267 0.500000 r 0.000000 0.000000 0.131077 0.9913720.997347 0.996266 0.500000 r 0.000000 0.000000 0.186099 0.9825311.003299 0.998571 0.500000 r 0.000000 0.000000 0.169541 0.9855230.996969 1.006123 0.500000 r -0.000000 -0.000000 0.068394 0.9976591.010541 0.995686 0.500000 r 0.000000 0.000000 0.076374 0.9970790.991551 1.011343 0.500000 r -0.000000 0.000000 0.278213 0.9605200.997301 0.995024 0.500000 r -0.000000 -0.000000 0.089606 0.9959771.002580 0.996764 0.500000 r -0.000000 0.000000 0.144612 0.989489







3 3 3 3 3 3 3 3 0.996140 1.017807 0.500000 r 0.000000 0.000000 0.261431 0.9652221.000010 0.999976 0.500000 r 0.000000 0.000000 0.090345 0.9959110.996699 1.005535 0.500000 r -0.000000 0.000000 0.035390 0.9993741.008722 1.004363 0.500000 r -0.000000 -0.000000 0.048950 0.9988010.999544 1.002182 0.500000 r 0.000000 -0.000000 0.178395 0.9839590.998091 1.000783 0.500000 r -0.000000 -0.000000 0.074600 0.9972141.013741 1.007422 0.500000 r 0.000000 -0.000000 0.217561 0.9760470.997820 1.003535 0.500000 r 0.000000 0.000000 0.173672 0.984804







4 4 4 4 4 4 4 4 0.999067 1.000244 0.500000 r -0.000000 0.000000 0.141335 0.9899621.005746 1.002255 0.500000 r -0.000000 -0.000000 0.087440 0.9961700.997054 1.002604 0.500000 r -0.000000 -0.000000 0.108143 0.9941361.005459 0.998080 0.500000 r 0.000000 -0.000000 0.145921 0.9892961.000519 1.009521 0.500000 r 0.000000 -0.000000 0.184313 0.9828681.006293 1.000784 0.500000 r -0.000000 -0.000000 0.174543 0.9846501.019048 0.998569 0.500000 r -0.000000 0.000000 0.094004 0.9955720.998441 0.989378 0.500000 r -0.000000 0.000000 0.233649 0.972321







5 5 5 5 5 5 5 5 1.001562 0.999105 0.500000 r -0.000000 -0.000000 0.084272 0.9964431.001938 1.000111 0.500000 r -0.000000 0.000000 0.100426 0.9949451.004173 1.000483 0.500000 r -0.000000 -0.000000 0.053594 0.9985631.001473 1.003985 0.500000 r -0.000000 0.000000 0.149538 0.9887561.001028 1.003854 0.500000 r -0.000000 0.000000 0.059174 0.9982481.002438 1.000562 0.500000 r 0.000000 0.000000 0.231682 0.9727920.993515 0.998589 0.500000 r -0.000000 -0.000000 0.179845 0.9836951.007063 1.001096 0.500000 r -0.000000 -0.000000 0.111757 0.993736







6 6 6 6 6 6 6 6 1.010371 0.996280 0.500000 r -0.000000 -0.000000 0.139879 0.9901690.989790 1.000738 0.500000 r 0.000000 0.000000 0.112120 0.9936951.001736 0.989074 0.500000 r -0.000000 -0.000000 0.051567 0.9986700.995797 1.005766 0.500000 r -0.000000 0.000000 0.129914 0.9915251.001374 0.994617 0.500000 r 0.000000 -0.000000 0.098188 0.9951681.000099 0.999983 0.500000 r 0.000000 0.000000 0.168291 0.9857381.000573 0.990237 0.500000 r -0.000000 -0.000000 0.142999 0.9897231.000790 0.997958 0.500000 r -0.000000 -0.000000 0.055120 0.998480







7 7 7 7 7 7 7 7 0.997106 0.997716 0.500000 r -0.000000 0.000000 0.061928 0.9980811.000215 1.005249 0.500000 r -0.000000 -0.000000 0.180596 0.9835580.990540 0.987260 0.500000 r -0.000000 0.000000 0.150021 0.9886831.005862 1.005287 0.500000 r -0.000000 0.000000 0.121618 0.9925770.998419 1.001492 0.500000 r -0.000000 -0.000000 0.181149 0.9834560.999550 0.997839 0.500000 r 0.000000 -0.000000 0.163418 0.9865571.002014 1.003886 0.500000 r 0.000000 0.000000 0.084575 0.9964180.995952 1.001500 0.500000 r -0.000000 -0.000000 0.227910 0.973683







Step 86
Step 85
Step 84
Step 84
Step 85
Step 86
Step 87
Step 85
0 0 0 0 0 0 0 0 1.002043 1.012230 0.500000 r 0.000000 0.000000 0.051747 0.9986601.010236 0.996922 0.500000 r -0.000000 0.000000 0.131936 0.9912581.008049 1.001997 0.500000 r -0.000000 -0.000000 0.063801 0.9979631.002606 1.000077 0.500000 r 0.000000 0.000000 0.076349 0.9970811.003319 1.003525 0.500000 r 0.000000 0.000000 0.158520 0.9873561.006719 0.995840 0.500000 r -0.000000 -0.000000 0.137226 0.9905401.007400 1.002708 0.500000 r 0.000000 -0.000000 0.189444 0.9818920.964812 1.009629 0.500000 r 0.000000 0.000000 0.069500 0.997582







1 1 1 1 1 1 1 1 1.007510 1.014414 0.500000 r 0.000000 0.000000 0.274575 0.9615661.002180 1.001333 0.500000 r -0.000000 -0.000000 0.046958 0.9988971.001044 0.998411 0.500000 r -0.000000 -0.000000 0.187676 0.9822310.991327 1.005384 0.500000 r 0.000000 0.000000 0.093883 0.9955840.999314 0.991917 0.500000 r 0.000000 0.000000 0.143855 0.9895991.004362 1.003189 0.500000 r 0.000000 -0.000000 0.103883 0.9945900.995274 1.003850 0.500000 r -0.000000 -0.000000 0.200264 0.9797421.000888 1.003776 0.500000 r -0.000000 -0.000000 0.103983 0.994579







2 2 2 2 2 2 2 2 0.997347 0.996266 0.500000 r 0.000000 0.000000 0.186099 0.9825310.995813 0.991267 0.500000 r 0.000000 0.000000 0.131077 0.9913720.996969 1.006123 0.500000 r -0.000000 -0.000000 0.068394 0.9976591.003299 0.998571 0.500000 r 0.000000 0.000000 0.169541 0.9855231.010541 0.995686 0.500000 r 0.000000 0.000000 0.076374 0.9970790.991551 1.011343 0.500000 r -0.000000 0.000000 0.278213 0.9605200.997301 0.995024 0.500000 r -0.000000 -0.000000 0.089606 0.9959771.002580 0.996764 0.500000 r -0.000000 0.000000 0.144612 0.989489







3 3 3 3 3 3 3 3 0.996140 1.017807 0.500000 r 0.000000 0.000000 0.261431 0.9652221.000010 0.999976 0.500000 r 0.000000 0.000000 0.090345 0.9959110.996699 1.005535 0.500000 r -0.000000 0.000000 0.035390 0.9993741.008722 1.004363 0.500000 r -0.000000 -0.000000 0.048950 0.9988010.998091 1.000783 0.500000 r -0.000000 -0.000000 0.074600 0.9972140.999544 1.002182 0.500000 r 0.000000 -0.000000 0.178395 0.9839591.013741 1.007422 0.500000 r 0.000000 -0.000000 0.217561 0.9760470.997820 1.003535 0.500000 r 0.000000 0.000000 0.173672 0.984804







4 4 4 4 4 4 4 4 1.005746 1.002255 0.500000 r -0.000000 -0.000000 0.087440 0.9961700.999067 1.000244 0.500000 r -0.000000 0.000000 0.141335 0.9899620.997054 1.002604 0.500000 r -0.000000 -0.000000 0.108143 0.9941361.005459 0.998080 0.500000 r 0.000000 -0.000000 0.145921 0.9892961.000519 1.009521 0.500000 r 0.000000 -0.000000 0.184313 0.9828681.006293 1.000784 0.500000 r -0.000000 -0.000000 0.174543 0.9846501.019048 0.998569 0.500000 r -0.000000 0.000000 0.094004 0.9955720.998441 0.989378 0.500000 r -0.000000 0.000000 0.233649 0.972321







5 5 5 5 5 5 5 5 1.001938 1.000111 0.500000 r -0.000000 0.000000 0.100426 0.9949451.001562 0.999105 0.500000 r -0.000000 -0.000000 0.084272 0.9964431.004173 1.000483 0.500000 r -0.000000 -0.000000 0.053594 0.9985631.001473 1.003985 0.500000 r -0.000000 0.000000 0.149538 0.9887561.001028 1.003854 0.500000 r -0.000000 0.000000 0.059174 0.9982481.002438 1.000562 0.500000 r 0.000000 0.000000 0.231682 0.9727920.993515 0.998589 0.500000 r -0.000000 -0.000000 0.179845 0.9836951.007063 1.001096 0.500000 r -0.000000 -0.000000 0.111757 0.993736







6 6 6 6 6 6 6 6 1.010371 0.996280 0.500000 r -0.000000 -0.000000 0.139879 0.9901690.989790 1.000738 0.500000 r 0.000000 0.000000 0.112120 0.9936951.001736 0.989074 0.500000 r -0.000000 -0.000000 0.051567 0.9986700.995797 1.005766 0.500000 r -0.000000 0.000000 0.129914 0.9915251.000573 0.990237 0.500000 r -0.000000 -0.000000 0.142999 0.9897231.001374 0.994617 0.500000 r 0.000000 -0.000000 0.098188 0.9951681.000099 0.999983 0.500000 r 0.000000 0.000000 0.168291 0.9857381.000790 0.997958 0.500000 r -0.000000 -0.000000 0.055120 0.998480







7 7 7 7 7 7 7 7 0.997106 0.997716 0.500000 r -0.000000 0.000000 0.061928 0.9980811.000215 1.005249 0.500000 r -0.000000 -0.000000 0.180596 0.9835581.005862 1.005287 0.500000 r -0.000000 0.000000 0.121618 0.9925770.990540 0.987260 0.500000 r -0.000000 0.000000 0.150021 0.9886830.998419 1.001492 0.500000 r -0.000000 -0.000000 0.181149 0.9834560.999550 0.997839 0.500000 r 0.000000 -0.000000 0.163418 0.9865571.002014 1.003886 0.500000 r 0.000000 0.000000 0.084575 0.9964180.995952 1.001500 0.500000 r -0.000000 -0.000000 0.227910 0.973683







Step 87
Step 85
Step 86
Step 85
Step 86
Step 87
Step 88
Step 86
0 0 0 0 0 0 0 0 1.002043 1.012230 0.500000 r 0.000000 0.000000 0.051747 0.9986601.008049 1.001997 0.500000 r -0.000000 -0.000000 0.063801 0.9979631.002606 1.000077 0.500000 r 0.000000 0.000000 0.076349 0.9970811.010236 0.996922 0.500000 r -0.000000 0.000000 0.131936 0.9912581.003319 1.003525 0.500000 r 0.000000 0.000000 0.158520 0.9873561.006719 0.995840 0.500000 r -0.000000 -0.000000 0.137226 0.9905401.007400 1.002708 0.500000 r 0.000000 -0.000000 0.189444 0.9818920.964812 1.009629 0.500000 r 0.000000 0.000000 0.069500 0.997582







1 1 1 1 1 1 1 1 1.007510 1.014414 0.500000 r 0.000000 0.000000 0.274575 0.9615661.002180 1.001333 0.500000 r -0.000000 -0.000000 0.046958 0.9988971.001044 0.998411 0.500000 r -0.000000 -0.000000 0.187676 0.9822310.991327 1.005384 0.500000 r 0.000000 0.000000 0.093883 0.9955841.004362 1.003189 0.500000 r 0.000000 -0.000000 0.103883 0.9945900.999314 0.991917 0.500000 r 0.000000 0.000000 0.143855 0.9895991.000888 1.003776 0.500000 r -0.000000 -0.000000 0.103983 0.9945790.995274 1.003850 0.500000 r -0.000000 -0.000000 0.200264 0.979742







2 2 2 2 2 2 2 2 0.997347 0.996266 0.500000 r 0.000000 0.000000 0.186099 0.9825310.995813 0.991267 0.500000 r 0.000000 0.000000 0.131077 0.9913721.003299 0.998571 0.500000 r 0.000000 0.000000 0.169541 0.9855230.996969 1.006123 0.500000 r -0.000000 -0.000000 0.068394 0.9976591.010541 0.995686 0.500000 r 0.000000 0.000000 0.076374 0.9970790.991551 1.011343 0.500000 r -0.000000 0.000000 0.278213 0.9605200.997301 0.995024 0.500000 r -0.000000 -0.000000 0.089606 0.9959771.002580 0.996764 0.500000 r -0.000000 0.000000 0.144612 0.989489







3 3 3 3 3 3 3 3 1.000010 0.999976 0.500000 r 0.000000 0.000000 0.090345 0.9959110.996140 1.017807 0.500000 r 0.000000 0.000000 0.261431 0.9652220.996699 1.005535 0.500000 r -0.000000 0.000000 0.035390 0.9993741.008722 1.004363 0.500000 r -0.000000 -0.000000 0.048950 0.9988010.998091 1.000783 0.500000 r -0.000000 -0.000000 0.074600 0.9972140.999544 1.002182 0.500000 r 0.000000 -0.000000 0.178395 0.9839591.013741 1.007422 0.500000 r 0.000000 -0.000000 0.217562 0.9760470.997820 1.003535 0.500000 r 0.000000 0.000000 0.173672 0.984804







4 4 4 4 4 4 4 4 1.005746 1.002255 0.500000 r -0.000000 -0.000000 0.087440 0.9961700.999067 1.000244 0.500000 r -0.000000 0.000000 0.141335 0.9899620.997054 1.002604 0.500000 r -0.000000 -0.000000 0.108143 0.9941361.005459 0.998080 0.500000 r 0.000000 -0.000000 0.145921 0.9892961.006293 1.000784 0.500000 r -0.000000 -0.000000 0.174543 0.9846501.000519 1.009521 0.500000 r 0.000000 -0.000000 0.184313 0.9828681.019048 0.998569 0.500000 r -0.000000 0.000000 0.094004 0.9955720.998441 0.989378 0.500000 r -0.000000 0.000000 0.233649 0.972321







5 5 5 5 5 5 5 5 1.001938 1.000111 0.500000 r -0.000000 0.000000 0.100426 0.9949451.001562 0.999105 0.500000 r -0.000000 -0.000000 0.084272 0.9964431.004173 1.000483 0.500000 r -0.000000 -0.000000 0.053594 0.9985631.001473 1.003985 0.500000 r -0.000000 0.000000 0.149538 0.9887561.002438 1.000562 0.500000 r 0.000000 0.000000 0.231682 0.9727920.993515 0.998589 0.500000 r -0.000000 -0.000000 0.179845 0.9836951.001028 1.003854 0.500000 r -0.000000 0.000000 0.059174 0.9982481.007063 1.001096 0.500000 r -0.000000 -0.000000 0.111757 0.993736







6 6 6 6 6 6 6 6 1.010371 0.996280 0.500000 r -0.000000 -0.000000 0.139879 0.9901690.989790 1.000738 0.500000 r 0.000000 0.000000 0.112120 0.9936951.001736 0.989074 0.500000 r -0.000000 -0.000000 0.051567 0.9986700.995797 1.005766 0.500000 r -0.000000 0.000000 0.129914 0.9915251.000573 0.990237 0.500000 r -0.000000 -0.000000 0.142999 0.9897231.001374 0.994617 0.500000 r 0.000000 -0.000000 0.098188 0.9951681.000099 0.999983 0.500000 r 0.000000 0.000000 0.168291 0.9857381.000790 0.997958 0.500000 r -0.000000 -0.000000 0.055120 0.998480







7 7 7 7 7 7 7 7 0.997106 0.997716 0.500000 r -0.000000 0.000000 0.061928 0.9980811.000215 1.005249 0.500000 r -0.000000 -0.000000 0.180596 0.9835581.005862 1.005287 0.500000 r -0.000000 0.000000 0.121618 0.9925770.990540 0.987260 0.500000 r -0.000000 0.000000 0.150021 0.9886830.998419 1.001492 0.500000 r -0.000000 -0.000000 0.181149 0.9834561.002014 1.003886 0.500000 r 0.000000 0.000000 0.084575 0.9964180.999550 0.997839 0.500000 r 0.000000 -0.000000 0.163418 0.9865570.995952 1.001500 0.500000 r -0.000000 -0.000000 0.227910 0.973683







Step 88
Step 87
Step 86
Step 86
Step 87
Step 88
Step 89
Step 87
0 0 0 0 0 0 0 0 1.010236 0.996922 0.500000 r -0.000000 0.000000 0.131936 0.9912581.008049 1.001997 0.500000 r -0.000000 -0.000000 0.063801 0.9979631.002043 1.012230 0.500000 r 0.000000 0.000000 0.051747 0.9986601.002606 1.000077 0.500000 r 0.000000 0.000000 0.076349 0.9970811.003319 1.003525 0.500000 r 0.000000 0.000000 0.158520 0.9873561.007400 1.002708 0.500000 r 0.000000 -0.000000 0.189444 0.9818920.964812 1.009629 0.500000 r 0.000000 0.000000 0.069500 0.9975821.006719 0.995840 0.500000 r -0.000000 -0.000000 0.137226 0.990540







1 1 1 1 1 1 1 1 0.991327 1.005384 0.500000 r 0.000000 0.000000 0.093883 0.9955841.002180 1.001333 0.500000 r -0.000000 -0.000000 0.046958 0.9988971.007510 1.014414 0.500000 r 0.000000 0.000000 0.274575 0.9615661.001044 0.998411 0.500000 r -0.000000 -0.000000 0.187676 0.9822310.999314 0.991917 0.500000 r 0.000000 0.000000 0.143855 0.9895991.004362 1.003189 0.500000 r 0.000000 -0.000000 0.103883 0.9945901.000888 1.003776 0.500000 r -0.000000 -0.000000 0.103983 0.9945790.995274 1.003850 0.500000 r -0.000000 -0.000000 0.200264 0.979742







2 2 2 2 2 2 2 2 0.996969 1.006123 0.500000 r -0.000000 -0.000000 0.068394 0.9976590.995813 0.991267 0.500000 r 0.000000 0.000000 0.131077 0.9913720.997347 0.996266 0.500000 r 0.000000 0.000000 0.186099 0.9825311.003299 0.998571 0.500000 r 0.000000 0.000000 0.169541 0.9855230.991551 1.011343 0.500000 r -0.000000 0.000000 0.278213 0.9605201.010541 0.995686 0.500000 r 0.000000 0.000000 0.076374 0.9970791.002580 0.996764 0.500000 r -0.000000 0.000000 0.144612 0.9894890.997301 0.995024 0.500000 r -0.000000 0.000000 0.089606 0.995977







3 3 3 3 3 3 3 3 1.008722 1.004363 0.500000 r -0.000000 -0.000000 0.048950 0.9988011.000010 0.999976 0.500000 r 0.000000 0.000000 0.090345 0.9959110.996140 1.017807 0.500000 r 0.000000 0.000000 0.261431 0.9652220.996699 1.005535 0.500000 r -0.000000 0.000000 0.035390 0.9993740.999544 1.002182 0.500000 r 0.000000 -0.000000 0.178395 0.9839590.998091 1.000783 0.500000 r -0.000000 -0.000000 0.074600 0.9972141.013741 1.007422 0.500000 r 0.000000 -0.000000 0.217561 0.9760470.997820 1.003535 0.500000 r 0.000000 0.000000 0.173672 0.984804







4 4 4 4 4 4 4 4 0.999067 1.000244 0.500000 r -0.000000 0.000000 0.141335 0.9899621.005746 1.002255 0.500000 r -0.000000 -0.000000 0.087440 0.9961700.997054 1.002604 0.500000 r -0.000000 -0.000000 0.108143 0.9941361.005459 0.998080 0.500000 r 0.000000 -0.000000 0.145921 0.9892961.000519 1.009521 0.500000 r 0.000000 -0.000000 0.184313 0.9828681.006293 1.000784 0.500000 r -0.000000 -0.000000 0.174543 0.9846500.998441 0.989378 0.500000 r -0.000000 0.000000 0.233649 0.9723211.019048 0.998569 0.500000 r -0.000000 0.000000 0.094004 0.995572







5 5 5 5 5 5 5 5 1.001562 0.999105 0.500000 r -0.000000 -0.000000 0.084272 0.9964431.001938 1.000111 0.500000 r -0.000000 0.000000 0.100426 0.9949451.004173 1.000483 0.500000 r -0.000000 -0.000000 0.053594 0.9985631.001473 1.003985 0.500000 r -0.000000 0.000000 0.149538 0.9887561.001028 1.003854 0.500000 r -0.000000 0.000000 0.059174 0.9982481.002438 1.000562 0.500000 r 0.000000 0.000000 0.231682 0.9727920.993515 0.998589 0.500000 r -0.000000 -0.000000 0.179845 0.9836951.007063 1.001096 0.500000 r -0.000000 -0.000000 0.111757 0.993736







6 6 6 6 6 6 6 6 0.989790 1.000738 0.500000 r 0.000000 0.000000 0.112120 0.9936951.010371 0.996280 0.500000 r -0.000000 -0.000000 0.139879 0.9901691.001736 0.989074 0.500000 r -0.000000 -0.000000 0.051567 0.9986700.995797 1.005766 0.500000 r -0.000000 0.000000 0.129914 0.9915251.000573 0.990237 0.500000 r -0.000000 -0.000000 0.142999 0.9897231.001374 0.994617 0.500000 r 0.000000 -0.000000 0.098188 0.9951681.000099 0.999983 0.500000 r 0.000000 0.000000 0.168291 0.9857381.000790 0.997958 0.500000 r -0.000000 -0.000000 0.055120 0.998480







7 7 7 7 7 7 7 7 0.997106 0.997716 0.500000 r -0.000000 0.000000 0.061928 0.9980811.000215 1.005249 0.500000 r -0.000000 -0.000000 0.180596 0.9835581.005862 1.005287 0.500000 r -0.000000 0.000000 0.121618 0.9925770.990540 0.987260 0.500000 r -0.000000 0.000000 0.150021 0.9886831.002014 1.003886 0.500000 r 0.000000 0.000000 0.084575 0.9964180.998419 1.001492 0.500000 r -0.000000 -0.000000 0.181149 0.9834560.995952 1.001500 0.500000 r -0.000000 -0.000000 0.227910 0.9736830.999550 0.997839 0.500000 r 0.000000 -0.000000 0.163418 0.986557







Step 89
Step 88
Step 87
Step 87
Step 88
Step 89
Step 90
Step 88
0 0 0 0 0 0 0 0 1.010236 0.996922 0.500000 r -0.000000 0.000000 0.131936 0.9912581.002043 1.012230 0.500000 r 0.000000 0.000000 0.051747 0.9986601.003319 1.003525 0.500000 r 0.000000 0.000000 0.158520 0.9873561.008049 1.001997 0.500000 r -0.000000 -0.000000 0.063801 0.9979631.002606 1.000077 0.500000 r 0.000000 0.000000 0.076349 0.9970810.964812 1.009629 0.500000 r 0.000000 0.000000 0.069500 0.9975821.007400 1.002708 0.500000 r 0.000000 -0.000000 0.189444 0.9818921.006719 0.995840 0.500000 r -0.000000 -0.000000 0.137226 0.990540







1 1 1 1 1 1 1 1 0.991327 1.005384 0.500000 r 0.000000 0.000000 0.093883 0.9955841.002180 1.001333 0.500000 r -0.000000 -0.000000 0.046958 0.9988971.007510 1.014414 0.500000 r 0.000000 0.000000 0.274575 0.9615661.001044 0.998411 0.500000 r -0.000000 -0.000000 0.187676 0.9822310.999314 0.991917 0.500000 r 0.000000 0.000000 0.143855 0.9895991.004362 1.003189 0.500000 r 0.000000 -0.000000 0.103883 0.9945900.995274 1.003850 0.500000 r -0.000000 -0.000000 0.200264 0.9797421.000888 1.003776 0.500000 r -0.000000 -0.000000 0.103983 0.994579







2 2 2 2 2 2 2 2 0.996969 1.006123 0.500000 r -0.000000 -0.000000 0.068394 0.9976590.995813 0.991267 0.500000 r 0.000000 0.000000 0.131077 0.9913720.997347 0.996266 0.500000 r 0.000000 0.000000 0.186099 0.9825311.003299 0.998571 0.500000 r 0.000000 0.000000 0.169541 0.9855230.991551 1.011343 0.500000 r -0.000000 0.000000 0.278213 0.9605200.997301 0.995024 0.500000 r -0.000000 0.000000 0.089606 0.9959771.010541 0.995686 0.500000 r 0.000000 0.000000 0.076374 0.9970791.002580 0.996764 0.500000 r -0.000000 0.000000 0.144612 0.989489







3 3 3 3 3 3 3 3 1.008722 1.004363 0.500000 r -0.000000 -0.000000 0.048950 0.9988010.996140 1.017807 0.500000 r 0.000000 0.000000 0.261431 0.9652221.000010 0.999976 0.500000 r 0.000000 0.000000 0.090345 0.9959110.996699 1.005535 0.500000 r -0.000000 0.000000 0.035390 0.9993740.998091 1.000783 0.500000 r -0.000000 -0.000000 0.074600 0.9972141.013741 1.007422 0.500000 r 0.000000 -0.000000 0.217561 0.9760470.999544 1.002182 0.500000 r 0.000000 -0.000000 0.178395 0.9839590.997820 1.003535 0.500000 r 0.000000 0.000000 0.173672 0.984804







4 4 4 4 4 4 4 4 1.005459 0.998080 0.500000 r 0.000000 -0.000000 0.145921 0.9892960.999067 1.000244 0.500000 r -0.000000 0.000000 0.141335 0.9899621.005746 1.002255 0.500000 r -0.000000 -0.000000 0.087440 0.9961700.997054 1.002604 0.500000 r -0.000000 -0.000000 0.108143 0.9941361.000519 1.009521 0.500000 r 0.000000 -0.000000 0.184313 0.9828681.006293 1.000784 0.500000 r -0.000000 -0.000000 0.174543 0.9846501.019048 0.998569 0.500000 r -0.000000 0.000000 0.094004 0.9955720.998441 0.989378 0.500000 r -0.000000 0.000000 0.233649 0.972321







5 5 5 5 5 5 5 5 1.001938 1.000111 0.500000 r -0.000000 0.000000 0.100426 0.9949451.001562 0.999105 0.500000 r -0.000000 -0.000000 0.084272 0.9964431.004173 1.000483 0.500000 r -0.000000 -0.000000 0.053594 0.9985631.001473 1.003985 0.500000 r -0.000000 0.000000 0.149538 0.9887561.002438 1.000562 0.500000 r 0.000000 0.000000 0.231682 0.9727920.993515 0.998589 0.500000 r -0.000000 -0.000000 0.179845 0.9836951.001028 1.003854 0.500000 r -0.000000 0.000000 0.059174 0.9982481.007063 1.001096 0.500000 r -0.000000 -0.000000 0.111757 0.993736







6 6 6 6 6 6 6 6 1.010371 0.996280 0.500000 r -0.000000 -0.000000 0.139879 0.9901690.989790 1.000738 0.500000 r 0.000000 0.000000 0.112120 0.9936951.001736 0.989074 0.500000 r -0.000000 -0.000000 0.051567 0.9986700.995797 1.005766 0.500000 r -0.000000 0.000000 0.129914 0.9915251.001374 0.994617 0.500000 r 0.000000 -0.000000 0.098188 0.9951681.000573 0.990237 0.500000 r -0.000000 -0.000000 0.142999 0.9897231.000790 0.997958 0.500000 r -0.000000 -0.000000 0.055120 0.9984801.000099 0.999983 0.500000 r 0.000000 0.000000 0.168291 0.985738







7 7 7 7 7 7 7 7 0.997106 0.997716 0.500000 r -0.000000 -0.000000 0.061928 0.9980811.000215 1.005249 0.500000 r -0.000000 -0.000000 0.180596 0.9835581.005862 1.005287 0.500000 r -0.000000 0.000000 0.121618 0.9925770.990540 0.987260 0.500000 r -0.000000 0.000000 0.150021 0.9886830.998419 1.001492 0.500000 r -0.000000 -0.000000 0.181149 0.9834561.002014 1.003886 0.500000 r 0.000000 0.000000 0.084575 0.9964180.999550 0.997839 0.500000 r 0.000000 -0.000000 0.163418 0.9865570.995952 1.001500 0.500000 r -0.000000 -0.000000 0.227910 0.973683







Step 90
Step 89
Step 88
Step 88
Step 89
Step 90
Step 91
Step 89
0 0 0 0 0 0 0 0 1.010236 0.996922 0.500000 r -0.000000 0.000000 0.131936 0.9912581.002043 1.012230 0.500000 r 0.000000 0.000000 0.051747 0.9986601.008049 1.001997 0.500000 r -0.000000 -0.000000 0.063801 0.9979631.002606 1.000077 0.500000 r 0.000000 0.000000 0.076349 0.9970811.003319 1.003525 0.500000 r 0.000000 0.000000 0.158520 0.9873561.007400 1.002708 0.500000 r 0.000000 -0.000000 0.189444 0.9818920.964812 1.009629 0.500000 r 0.000000 0.000000 0.069500 0.9975821.006719 0.995840 0.500000 r -0.000000 -0.000000 0.137226 0.990540







1 1 1 1 1 1 1 1 1.007510 1.014414 0.500000 r 0.000000 0.000000 0.274575 0.9615661.002180 1.001333 0.500000 r -0.000000 -0.000000 0.046958 0.9988970.991327 1.005384 0.500000 r 0.000000 0.000000 0.093883 0.9955841.001044 0.998411 0.500000 r -0.000000 -0.000000 0.187676 0.9822311.004362 1.003189 0.500000 r 0.000000 -0.000000 0.103883 0.9945900.999314 0.991917 0.500000 r 0.000000 0.000000 0.143855 0.9895991.000888 1.003776 0.500000 r -0.000000 -0.000000 0.103983 0.9945790.995274 1.003850 0.500000 r -0.000000 -0.000000 0.200264 0.979742







2 2 2 2 2 2 2 2 0.997347 0.996266 0.500000 r 0.000000 0.000000 0.186099 0.9825310.995813 0.991267 0.500000 r 0.000000 0.000000 0.131077 0.9913721.003299 0.998571 0.500000 r 0.000000 0.000000 0.169541 0.9855230.996969 1.006123 0.500000 r -0.000000 -0.000000 0.068394 0.9976590.991551 1.011343 0.500000 r -0.000000 0.000000 0.278213 0.9605200.997301 0.995024 0.500000 r -0.000000 0.000000 0.089606 0.9959771.010541 0.995686 0.500000 r 0.000000 0.000000 0.076374 0.9970791.002580 0.996764 0.500000 r -0.000000 0.000000 0.144612 0.989489







3 3 3 3 3 3 3 3 1.000010 0.999976 0.500000 r 0.000000 0.000000 0.090345 0.9959110.996140 1.017807 0.500000 r 0.000000 0.000000 0.261431 0.9652220.996699 1.005535 0.500000 r -0.000000 0.000000 0.035390 0.9993741.008722 1.004363 0.500000 r -0.000000 -0.000000 0.048950 0.9988010.998091 1.000783 0.500000 r -0.000000 -0.000000 0.074600 0.9972140.999544 1.002182 0.500000 r 0.000000 -0.000000 0.178395 0.9839591.013741 1.007422 0.500000 r 0.000000 -0.000000 0.217562 0.9760470.997820 1.003535 0.500000 r 0.000000 0.000000 0.173672 0.984804







4 4 4 4 4 4 4 4 1.005746 1.002255 0.500000 r -0.000000 -0.000000 0.087440 0.9961700.999067 1.000244 0.500000 r -0.000000 0.000000 0.141335 0.9899620.997054 1.002604 0.500000 r -0.000000 -0.000000 0.108143 0.9941361.005459 0.998080 0.500000 r 0.000000 -0.000000 0.145921 0.9892961.000519 1.009521 0.500000 r 0.000000 -0.000000 0.184313 0.9828681.006293 1.000784 0.500000 r -0.000000 -0.000000 0.174543 0.9846501.019048 0.998569 0.500000 r -0.000000 0.000000 0.094004 0.9955720.998441 0.989378 0.500000 r -0.000000 0.000000 0.233649 0.972321







5 5 5 5 5 5 5 5 1.001938 1.000111 0.500000 r -0.000000 0.000000 0.100426 0.9949451.001562 0.999105 0.500000 r -0.000000 -0.000000 0.084272 0.9964431.004173 1.000483 0.500000 r -0.000000 -0.000000 0.053594 0.9985631.001473 1.003985 0.500000 r -0.000000 0.000000 0.149538 0.9887561.001028 1.003854 0.500000 r -0.000000 0.000000 0.059174 0.9982481.002438 1.000562 0.500000 r 0.000000 0.000000 0.231682 0.9727920.993515 0.998589 0.500000 r -0.000000 -0.000000 0.179845 0.9836951.007063 1.001096 0.500000 r -0.000000 -0.000000 0.111757 0.993736







6 6 6 6 6 6 6 6 1.010371 0.996280 0.500000 r -0.000000 -0.000000 0.139879 0.9901690.989790 1.000738 0.500000 r 0.000000 0.000000 0.112120 0.9936951.001736 0.989074 0.500000 r -0.000000 -0.000000 0.051567 0.9986700.995797 1.005766 0.500000 r -0.000000 0.000000 0.129914 0.9915251.000573 0.990237 0.500000 r -0.000000 -0.000000 0.142999 0.9897231.001374 0.994617 0.500000 r 0.000000 -0.000000 0.098188 0.9951681.000099 0.999983 0.500000 r 0.000000 0.000000 0.168291 0.9857381.000790 0.997958 0.500000 r -0.000000 -0.000000 0.055120 0.998480







7 7 7 7 7 7 7 7 0.997106 0.997716 0.500000 r -0.000000 -0.000000 0.061928 0.9980811.000215 1.005249 0.500000 r -0.000000 -0.000000 0.180596 0.9835580.990540 0.987260 0.500000 r -0.000000 0.000000 0.150021 0.9886831.005862 1.005287 0.500000 r -0.000000 0.000000 0.121618 0.9925770.998419 1.001492 0.500000 r -0.000000 -0.000000 0.181149 0.9834561.002014 1.003886 0.500000 r 0.000000 0.000000 0.084575 0.9964180.995952 1.001500 0.500000 r -0.000000 -0.000000 0.227910 0.9736830.999550 0.997839 0.500000 r 0.000000 -0.000000 0.163418 0.986557







Step 91
Step 90
Step 89
Step 89
Step 92
Step 90
Step 90
Step 91
0 0 0 0 0 0 0 0 1.002043 1.012230 0.500000 r 0.000000 0.000000 0.051747 0.9986601.010236 0.996922 0.500000 r -0.000000 0.000000 0.131936 0.9912581.003319 1.003525 0.500000 r 0.000000 0.000000 0.158520 0.9873561.008049 1.001997 0.500000 r -0.000000 -0.000000 0.063801 0.9979631.007400 1.002708 0.500000 r 0.000000 -0.000000 0.189444 0.9818920.964812 1.009629 0.500000 r 0.000000 0.000000 0.069500 0.9975821.002606 1.000077 0.500000 r 0.000000 0.000000 0.076349 0.9970811.006719 0.995840 0.500000 r -0.000000 -0.000000 0.137226 0.990540







1 1 1 1 1 1 1 1 1.007510 1.014414 0.500000 r 0.000000 0.000000 0.274575 0.9615660.991327 1.005384 0.500000 r 0.000000 0.000000 0.093883 0.9955840.999314 0.991917 0.500000 r 0.000000 0.000000 0.143855 0.9895991.002180 1.001333 0.500000 r -0.000000 -0.000000 0.046958 0.9988971.001044 0.998411 0.500000 r -0.000000 -0.000000 0.187676 0.9822311.004362 1.003189 0.500000 r 0.000000 -0.000000 0.103883 0.9945900.995274 1.003850 0.500000 r -0.000000 -0.000000 0.200264 0.9797421.000888 1.003776 0.500000 r -0.000000 -0.000000 0.103983 0.994579







2 2 2 2 2 2 2 2 0.997347 0.996266 0.500000 r 0.000000 0.000000 0.186099 0.9825310.995813 0.991267 0.500000 r 0.000000 0.000000 0.131077 0.9913721.003299 0.998571 0.500000 r 0.000000 0.000000 0.169541 0.9855230.996969 1.006123 0.500000 r -0.000000 -0.000000 0.068394 0.9976591.010541 0.995686 0.500000 r 0.000000 0.000000 0.076374 0.9970790.991551 1.011343 0.500000 r -0.000000 0.000000 0.278213 0.9605200.997301 0.995024 0.500000 r -0.000000 0.000000 0.089606 0.9959771.002580 0.996764 0.500000 r -0.000000 0.000000 0.144612 0.989489







3 3 3 3 3 3 3 3 1.000010 0.999976 0.500000 r 0.000000 0.000000 0.090345 0.9959110.996140 1.017807 0.500000 r 0.000000 0.000000 0.261431 0.9652220.996699 1.005535 0.500000 r -0.000000 0.000000 0.035390 0.9993741.008722 1.004363 0.500000 r -0.000000 -0.000000 0.048950 0.9988010.999544 1.002182 0.500000 r 0.000000 -0.000000 0.178395 0.9839590.998091 1.000783 0.500000 r -0.000000 -0.000000 0.074600 0.9972141.013741 1.007422 0.500000 r 0.000000 -0.000000 0.217561 0.9760470.997820 1.003535 0.500000 r 0.000000 0.000000 0.173672 0.984804







4 4 4 4 4 4 4 4 1.005746 1.002255 0.500000 r -0.000000 -0.000000 0.087440 0.9961700.999067 1.000244 0.500000 r -0.000000 0.000000 0.141335 0.9899620.997054 1.002604 0.500000 r -0.000000 -0.000000 0.108143 0.9941361.005459 0.998080 0.500000 r 0.000000 -0.000000 0.145921 0.9892961.000519 1.009521 0.500000 r 0.000000 -0.000000 0.184313 0.9828681.006293 1.000784 0.500000 r -0.000000 -0.000000 0.174543 0.9846501.019048 0.998569 0.500000 r -0.000000 0.000000 0.094004 0.9955720.998441 0.989378 0.500000 r -0.000000 0.000000 0.233649 0.972321







5 5 5 5 5 5 5 5 1.001938 1.000111 0.500000 r -0.000000 0.000000 0.100426 0.9949451.001562 0.999105 0.500000 r -0.000000 -0.000000 0.084272 0.9964431.004173 1.000483 0.500000 r -0.000000 -0.000000 0.053594 0.9985631.001473 1.003985 0.500000 r -0.000000 0.000000 0.149538 0.9887561.001028 1.003854 0.500000 r -0.000000 0.000000 0.059174 0.9982481.002438 1.000562 0.500000 r 0.000000 0.000000 0.231682 0.9727920.993515 0.998589 0.500000 r -0.000000 -0.000000 0.179845 0.9836951.007063 1.001096 0.500000 r -0.000000 -0.000000 0.111757 0.993736







6 6 6 6 6 6 6 6 1.010371 0.996280 0.500000 r -0.000000 -0.000000 0.139879 0.9901690.989790 1.000738 0.500000 r 0.000000 0.000000 0.112120 0.9936951.001736 0.989074 0.500000 r -0.000000 -0.000000 0.051567 0.9986700.995797 1.005766 0.500000 r -0.000000 0.000000 0.129914 0.9915251.001374 0.994617 0.500000 r 0.000000 -0.000000 0.098188 0.9951681.000099 0.999983 0.500000 r 0.000000 0.000000 0.168291 0.9857381.000573 0.990237 0.500000 r -0.000000 -0.000000 0.142999 0.9897231.000790 0.997958 0.500000 r -0.000000 -0.000000 0.055120 0.998480







7 7 7 7 7 7 7 7 0.997106 0.997716 0.500000 r -0.000000 -0.000000 0.061928 0.9980811.000215 1.005249 0.500000 r -0.000000 -0.000000 0.180596 0.9835581.005862 1.005287 0.500000 r -0.000000 0.000000 0.121618 0.9925770.990540 0.987260 0.500000 r -0.000000 0.000000 0.150021 0.9886831.002014 1.003886 0.500000 r 0.000000 0.000000 0.084575 0.9964180.995952 1.001500 0.500000 r -0.000000 -0.000000 0.227910 0.9736830.998419 1.001492 0.500000 r -0.000000 -0.000000 0.181149 0.9834560.999550 0.997839 0.500000 r 0.000000 -0.000000 0.163418 0.986557







Step 91
Step 92
Step 93
Step 91
Step 90
Step 92
Step 91
Step 90
0 0 0 0 0 0 0 0 1.008049 1.001997 0.500000 r -0.000000 -0.000000 0.063801 0.9979631.002606 1.000077 0.500000 r 0.000000 0.000000 0.076349 0.9970811.010236 0.996922 0.500000 r -0.000000 0.000000 0.131936 0.9912581.003319 1.003525 0.500000 r 0.000000 0.000000 0.158520 0.9873561.002043 1.012230 0.500000 r 0.000000 0.000000 0.051747 0.9986601.007400 1.002708 0.500000 r 0.000000 -0.000000 0.189444 0.9818920.964812 1.009629 0.500000 r 0.000000 0.000000 0.069500 0.9975821.006719 0.995840 0.500000 r -0.000000 -0.000000 0.137226 0.990540







1 1 1 1 1 1 1 1 0.999314 0.991917 0.500000 r 0.000000 0.000000 0.143855 0.9895991.002180 1.001333 0.500000 r -0.000000 -0.000000 0.046958 0.9988971.007510 1.014414 0.500000 r 0.000000 0.000000 0.274575 0.9615661.001044 0.998411 0.500000 r -0.000000 -0.000000 0.187676 0.9822310.991327 1.005384 0.500000 r 0.000000 0.000000 0.093883 0.9955841.004362 1.003189 0.500000 r 0.000000 -0.000000 0.103883 0.9945900.995274 1.003850 0.500000 r -0.000000 -0.000000 0.200264 0.9797421.000888 1.003776 0.500000 r -0.000000 -0.000000 0.103983 0.994579







2 2 2 2 2 2 2 2 0.995813 0.991267 0.500000 r 0.000000 0.000000 0.131077 0.9913721.010541 0.995686 0.500000 r 0.000000 0.000000 0.076374 0.9970790.997347 0.996266 0.500000 r 0.000000 0.000000 0.186099 0.9825311.003299 0.998571 0.500000 r 0.000000 0.000000 0.169541 0.9855230.996969 1.006123 0.500000 r -0.000000 -0.000000 0.068394 0.9976590.991551 1.011343 0.500000 r -0.000000 0.000000 0.278213 0.9605200.997301 0.995024 0.500000 r -0.000000 0.000000 0.089606 0.9959771.002580 0.996764 0.500000 r -0.000000 0.000000 0.144612 0.989489







3 3 3 3 3 3 3 3 0.996140 1.017807 0.500000 r 0.000000 0.000000 0.261431 0.9652221.000010 0.999976 0.500000 r 0.000000 0.000000 0.090345 0.9959110.996699 1.005535 0.500000 r -0.000000 0.000000 0.035390 0.9993741.008722 1.004363 0.500000 r -0.000000 -0.000000 0.048950 0.9988010.999544 1.002182 0.500000 r 0.000000 -0.000000 0.178395 0.9839590.998091 1.000783 0.500000 r -0.000000 -0.000000 0.074600 0.9972140.997820 1.003535 0.500000 r 0.000000 0.000000 0.173672 0.9848041.013741 1.007422 0.500000 r 0.000000 -0.000000 0.217561 0.976047







4 4 4 4 4 4 4 4 0.999067 1.000244 0.500000 r -0.000000 0.000000 0.141335 0.9899621.005746 1.002255 0.500000 r -0.000000 -0.000000 0.087440 0.9961700.997054 1.002604 0.500000 r -0.000000 -0.000000 0.108143 0.9941361.005459 0.998080 0.500000 r 0.000000 -0.000000 0.145921 0.9892961.006293 1.000784 0.500000 r -0.000000 -0.000000 0.174543 0.9846501.019048 0.998569 0.500000 r -0.000000 0.000000 0.094004 0.9955721.000519 1.009521 0.500000 r 0.000000 -0.000000 0.184313 0.9828680.998441 0.989378 0.500000 r -0.000000 0.000000 0.233649 0.972321







5 5 5 5 5 5 5 5 1.001562 0.999105 0.500000 r -0.000000 -0.000000 0.084272 0.9964431.001938 1.000111 0.500000 r -0.000000 0.000000 0.100426 0.9949451.004173 1.000483 0.500000 r -0.000000 -0.000000 0.053594 0.9985631.001473 1.003985 0.500000 r -0.000000 0.000000 0.149538 0.9887561.001028 1.003854 0.500000 r -0.000000 0.000000 0.059174 0.9982481.002438 1.000562 0.500000 r 0.000000 0.000000 0.231682 0.9727921.007063 1.001096 0.500000 r -0.000000 -0.000000 0.111757 0.9937360.993515 0.998589 0.500000 r -0.000000 -0.000000 0.179845 0.983695







6 6 6 6 6 6 6 6 0.989790 1.000738 0.500000 r 0.000000 0.000000 0.112120 0.9936951.010371 0.996280 0.500000 r -0.000000 -0.000000 0.139879 0.9901691.001736 0.989074 0.500000 r -0.000000 -0.000000 0.051567 0.9986700.995797 1.005766 0.500000 r -0.000000 0.000000 0.129914 0.9915251.000573 0.990237 0.500000 r -0.000000 -0.000000 0.142999 0.9897231.001374 0.994617 0.500000 r 0.000000 -0.000000 0.098188 0.9951681.000099 0.999983 0.500000 r 0.000000 0.000000 0.168291 0.9857381.000790 0.997958 0.500000 r -0.000000 -0.000000 0.055120 0.998480







7 7 7 7 7 7 7 7 1.000215 1.005249 0.500000 r -0.000000 -0.000000 0.180596 0.9835580.997106 0.997716 0.500000 r -0.000000 -0.000000 0.061928 0.9980811.005862 1.005287 0.500000 r -0.000000 0.000000 0.121618 0.9925770.990540 0.987260 0.500000 r -0.000000 0.000000 0.150021 0.9886830.998419 1.001492 0.500000 r -0.000000 -0.000000 0.181149 0.9834561.002014 1.003886 0.500000 r 0.000000 0.000000 0.084575 0.9964180.995952 1.001500 0.500000 r -0.000000 -0.000000 0.227910 0.9736830.999550 0.997839 0.500000 r 0.000000 -0.000000 0.163418 0.986557







Step 93
Step 94
Step 92
Step 92
Step 91
Step 93
Step 92
Step 91
0 0 0 0 0 0 0 0 1.008049 1.001997 0.500000 r -0.000000 -0.000000 0.063801 0.9979631.002606 1.000077 0.500000 r 0.000000 0.000000 0.076349 0.9970811.007400 1.002708 0.500000 r 0.000000 -0.000000 0.189444 0.9818921.002043 1.012230 0.500000 r 0.000000 0.000000 0.051747 0.9986601.010236 0.996922 0.500000 r -0.000000 0.000000 0.131936 0.9912580.964812 1.009629 0.500000 r 0.000000 0.000000 0.069500 0.9975821.003319 1.003525 0.500000 r 0.000000 0.000000 0.158520 0.9873561.006719 0.995840 0.500000 r -0.000000 -0.000000 0.137226 0.990540







1 1 1 1 1 1 1 1 1.002180 1.001333 0.500000 r -0.000000 -0.000000 0.046958 0.9988971.001044 0.998411 0.500000 r -0.000000 -0.000000 0.187676 0.9822311.004362 1.003189 0.500000 r 0.000000 -0.000000 0.103883 0.9945901.007510 1.014414 0.500000 r 0.000000 0.000000 0.274575 0.9615660.991327 1.005384 0.500000 r 0.000000 0.000000 0.093883 0.9955840.999314 0.991917 0.500000 r 0.000000 0.000000 0.143855 0.9895991.000888 1.003776 0.500000 r -0.000000 -0.000000 0.103983 0.9945790.995274 1.003850 0.500000 r -0.000000 -0.000000 0.200264 0.979742







2 2 2 2 2 2 2 2 0.995813 0.991267 0.500000 r 0.000000 0.000000 0.131077 0.9913720.997347 0.996266 0.500000 r 0.000000 0.000000 0.186099 0.9825310.991551 1.011343 0.500000 r -0.000000 0.000000 0.278213 0.9605201.003299 0.998571 0.500000 r 0.000000 0.000000 0.169541 0.9855230.996969 1.006123 0.500000 r -0.000000 -0.000000 0.068394 0.9976591.010541 0.995686 0.500000 r 0.000000 0.000000 0.076374 0.9970790.997301 0.995024 0.500000 r -0.000000 0.000000 0.089606 0.9959771.002580 0.996764 0.500000 r -0.000000 0.000000 0.144612 0.989489







3 3 3 3 3 3 3 3 0.996140 1.017807 0.500000 r 0.000000 0.000000 0.261431 0.9652221.000010 0.999976 0.500000 r 0.000000 0.000000 0.090345 0.9959110.996699 1.005535 0.500000 r -0.000000 0.000000 0.035390 0.9993741.008722 1.004363 0.500000 r -0.000000 -0.000000 0.048950 0.9988010.999544 1.002182 0.500000 r 0.000000 -0.000000 0.178395 0.9839590.998091 1.000783 0.500000 r -0.000000 -0.000000 0.074600 0.9972141.013741 1.007422 0.500000 r 0.000000 -0.000000 0.217562 0.9760470.997820 1.003535 0.500000 r 0.000000 0.000000 0.173672 0.984804







4 4 4 4 4 4 4 4 0.999067 1.000244 0.500000 r -0.000000 0.000000 0.141335 0.9899621.005746 1.002255 0.500000 r -0.000000 -0.000000 0.087440 0.9961700.997054 1.002604 0.500000 r -0.000000 -0.000000 0.108143 0.9941361.005459 0.998080 0.500000 r 0.000000 -0.000000 0.145921 0.9892961.000519 1.009521 0.500000 r 0.000000 -0.000000 0.184313 0.9828681.006293 1.000784 0.500000 r -0.000000 -0.000000 0.174543 0.9846501.019048 0.998569 0.500000 r -0.000000 0.000000 0.094004 0.9955720.998441 0.989378 0.500000 r -0.000000 0.000000 0.233649 0.972321







5 5 5 5 5 5 5 5 1.001562 0.999105 0.500000 r -0.000000 -0.000000 0.084272 0.9964431.001938 1.000111 0.500000 r -0.000000 0.000000 0.100426 0.9949451.004173 1.000483 0.500000 r -0.000000 -0.000000 0.053594 0.9985631.001473 1.003985 0.500000 r -0.000000 0.000000 0.149538 0.9887561.001028 1.003854 0.500000 r -0.000000 0.000000 0.059174 0.9982481.002438 1.000562 0.500000 r 0.000000 0.000000 0.231682 0.9727921.007063 1.001096 0.500000 r -0.000000 -0.000000 0.111757 0.9937360.993515 0.998589 0.500000 r -0.000000 -0.000000 0.179845 0.983695







6 6 6 6 6 6 6 6 0.989790 1.000738 0.500000 r 0.000000 0.000000 0.112120 0.9936951.010371 0.996280 0.500000 r -0.000000 -0.000000 0.139879 0.9901691.001736 0.989074 0.500000 r -0.000000 -0.000000 0.051567 0.9986700.995797 1.005766 0.500000 r -0.000000 0.000000 0.129914 0.9915251.001374 0.994617 0.500000 r 0.000000 -0.000000 0.098188 0.9951681.000573 0.990237 0.500000 r -0.000000 -0.000000 0.142999 0.9897231.000099 0.999983 0.500000 r 0.000000 0.000000 0.168291 0.9857381.000790 0.997958 0.500000 r -0.000000 -0.000000 0.055120 0.998480







7 7 7 7 7 7 7 7 1.000215 1.005249 0.500000 r -0.000000 -0.000000 0.180596 0.9835580.997106 0.997716 0.500000 r -0.000000 -0.000000 0.061928 0.9980811.005862 1.005287 0.500000 r -0.000000 0.000000 0.121618 0.9925770.990540 0.987260 0.500000 r -0.000000 0.000000 0.150021 0.9886830.998419 1.001492 0.500000 r -0.000000 -0.000000 0.181149 0.9834561.002014 1.003886 0.500000 r 0.000000 0.000000 0.084575 0.9964180.995952 1.001500 0.500000 r -0.000000 -0.000000 0.227910 0.9736830.999550 0.997839 0.500000 r 0.000000 -0.000000 0.163418 0.986557







Step 92
Step 94
Step 93
Step 93
Step 94
Step 95
Step 93
Step 92
0 0 0 0 0 0 0 0 1.010236 0.996922 0.500000 r -0.000000 0.000000 0.131936 0.9912581.002043 1.012230 0.500000 r 0.000000 0.000000 0.051747 0.9986601.008049 1.001997 0.500000 r -0.000000 -0.000000 0.063801 0.9979631.002606 1.000077 0.500000 r 0.000000 0.000000 0.076349 0.9970811.003319 1.003525 0.500000 r 0.000000 0.000000 0.158520 0.9873561.006719 0.995840 0.500000 r -0.000000 -0.000000 0.137226 0.9905401.007400 1.002708 0.500000 r 0.000000 -0.000000 0.189444 0.9818920.964812 1.009629 0.500000 r 0.000000 0.000000 0.069500 0.997582







1 1 1 1 1 1 1 1 0.991327 1.005384 0.500000 r 0.000000 0.000000 0.093883 0.9955841.007510 1.014414 0.500000 r 0.000000 0.000000 0.274575 0.9615661.002180 1.001333 0.500000 r -0.000000 -0.000000 0.046958 0.9988971.001044 0.998411 0.500000 r -0.000000 -0.000000 0.187676 0.9822311.004362 1.003189 0.500000 r 0.000000 -0.000000 0.103883 0.9945900.999314 0.991917 0.500000 r 0.000000 0.000000 0.143855 0.9895991.000888 1.003776 0.500000 r -0.000000 -0.000000 0.103983 0.9945790.995274 1.003850 0.500000 r -0.000000 -0.000000 0.200264 0.979742







2 2 2 2 2 2 2 2 0.995813 0.991267 0.500000 r 0.000000 0.000000 0.131077 0.9913721.003299 0.998571 0.500000 r 0.000000 0.000000 0.169541 0.9855230.996969 1.006123 0.500000 r -0.000000 -0.000000 0.068394 0.9976591.010541 0.995686 0.500000 r 0.000000 0.000000 0.076374 0.9970790.997347 0.996266 0.500000 r 0.000000 0.000000 0.186099 0.9825310.991551 1.011343 0.500000 r -0.000000 0.000000 0.278213 0.9605200.997301 0.995024 0.500000 r -0.000000 0.000000 0.089606 0.9959771.002580 0.996764 0.500000 r -0.000000 0.000000 0.144612 0.989489







3 3 3 3 3 3 3 3 0.996140 1.017807 0.500000 r 0.000000 0.000000 0.261431 0.9652221.000010 0.999976 0.500000 r 0.000000 0.000000 0.090345 0.9959110.996699 1.005535 0.500000 r -0.000000 0.000000 0.035390 0.9993741.008722 1.004363 0.500000 r -0.000000 -0.000000 0.048950 0.9988010.999544 1.002182 0.500000 r 0.000000 -0.000000 0.178395 0.9839590.998091 1.000783 0.500000 r -0.000000 -0.000000 0.074600 0.9972141.013741 1.007422 0.500000 r 0.000000 -0.000000 0.217561 0.9760470.997820 1.003535 0.500000 r 0.000000 0.000000 0.173672 0.984804







4 4 4 4 4 4 4 4 0.999067 1.000244 0.500000 r -0.000000 0.000000 0.141335 0.9899621.005746 1.002255 0.500000 r -0.000000 -0.000000 0.087440 0.9961700.997054 1.002604 0.500000 r -0.000000 -0.000000 0.108143 0.9941361.005459 0.998080 0.500000 r 0.000000 -0.000000 0.145921 0.9892961.000519 1.009521 0.500000 r 0.000000 -0.000000 0.184313 0.9828681.006293 1.000784 0.500000 r -0.000000 -0.000000 0.174543 0.9846501.019048 0.998569 0.500000 r -0.000000 0.000000 0.094004 0.9955720.998441 0.989378 0.500000 r -0.000000 0.000000 0.233649 0.972321







5 5 5 5 5 5 5 5 1.001562 0.999105 0.500000 r -0.000000 -0.000000 0.084272 0.9964431.001938 1.000111 0.500000 r -0.000000 0.000000 0.100426 0.9949451.004173 1.000483 0.500000 r -0.000000 -0.000000 0.053594 0.9985631.001473 1.003985 0.500000 r -0.000000 0.000000 0.149538 0.9887561.001028 1.003854 0.500000 r -0.000000 0.000000 0.059174 0.9982481.002438 1.000562 0.500000 r 0.000000 0.000000 0.231682 0.9727920.993515 0.998589 0.500000 r -0.000000 -0.000000 0.179845 0.9836951.007063 1.001096 0.500000 r -0.000000 -0.000000 0.111757 0.993736







6 6 6 6 6 6 6 6 0.989790 1.000738 0.500000 r 0.000000 0.000000 0.112120 0.9936951.010371 0.996280 0.500000 r -0.000000 -0.000000 0.139879 0.9901691.001736 0.989074 0.500000 r -0.000000 -0.000000 0.051567 0.9986700.995797 1.005766 0.500000 r -0.000000 0.000000 0.129914 0.9915251.001374 0.994617 0.500000 r 0.000000 -0.000000 0.098188 0.9951681.000099 0.999983 0.500000 r 0.000000 0.000000 0.168291 0.9857381.000573 0.990237 0.500000 r -0.000000 -0.000000 0.142999 0.9897231.000790 0.997958 0.500000 r -0.000000 -0.000000 0.055120 0.998480







7 7 7 7 7 7 7 7 1.000215 1.005249 0.500000 r -0.000000 -0.000000 0.180596 0.9835580.997106 0.997716 0.500000 r -0.000000 -0.000000 0.061928 0.9980811.005862 1.005287 0.500000 r -0.000000 0.000000 0.121618 0.9925770.990540 0.987260 0.500000 r -0.000000 0.000000 0.150021 0.9886830.998419 1.001492 0.500000 r -0.000000 -0.000000 0.181149 0.9834561.002014 1.003886 0.500000 r 0.000000 0.000000 0.084575 0.9964180.995952 1.001500 0.500000 r -0.000000 -0.000000 0.227910 0.9736830.999550 0.997839 0.500000 r 0.000000 -0.000000 0.163418 0.986557







Step 96
Step 95
Step 94
Step 94
Step 93
Step 95
Step 94
Step 93
0 0 0 0 0 0 0 0 1.008049 1.001997 0.500000 r -0.000000 -0.000000 0.063801 0.9979631.002043 1.012230 0.500000 r 0.000000 0.000000 0.051747 0.9986601.002606 1.000077 0.500000 r 0.000000 0.000000 0.076349 0.9970811.010236 0.996922 0.500000 r -0.000000 0.000000 0.131936 0.9912581.003319 1.003525 0.500000 r 0.000000 0.000000 0.158520 0.9873561.006719 0.995840 0.500000 r -0.000000 -0.000000 0.137226 0.9905401.007400 1.002708 0.500000 r 0.000000 -0.000000 0.189444 0.9818920.964812 1.009629 0.500000 r 0.000000 0.000000 0.069500 0.997582







1 1 1 1 1 1 1 1 1.002180 1.001333 0.500000 r -0.000000 -0.000000 0.046958 0.9988971.007510 1.014414 0.500000 r 0.000000 0.000000 0.274575 0.9615661.001044 0.998411 0.500000 r -0.000000 -0.000000 0.187676 0.9822310.991327 1.005384 0.500000 r 0.000000 0.000000 0.093883 0.9955841.004362 1.003189 0.500000 r 0.000000 -0.000000 0.103883 0.9945900.999314 0.991917 0.500000 r 0.000000 0.000000 0.143855 0.9895990.995274 1.003850 0.500000 r -0.000000 -0.000000 0.200264 0.9797421.000888 1.003776 0.500000 r -0.000000 -0.000000 0.103983 0.994579







2 2 2 2 2 2 2 2 0.995813 0.991267 0.500000 r 0.000000 0.000000 0.131077 0.9913720.997347 0.996266 0.500000 r 0.000000 0.000000 0.186099 0.9825311.003299 0.998571 0.500000 r 0.000000 0.000000 0.169541 0.9855230.996969 1.006123 0.500000 r -0.000000 -0.000000 0.068394 0.9976590.991551 1.011343 0.500000 r -0.000000 0.000000 0.278213 0.9605200.997301 0.995024 0.500000 r -0.000000 0.000000 0.089606 0.9959771.010541 0.995686 0.500000 r 0.000000 0.000000 0.076374 0.9970791.002580 0.996764 0.500000 r -0.000000 0.000000 0.144612 0.989489







3 3 3 3 3 3 3 3 0.996140 1.017807 0.500000 r 0.000000 0.000000 0.261431 0.9652221.000010 0.999976 0.500000 r 0.000000 0.000000 0.090345 0.9959110.996699 1.005535 0.500000 r -0.000000 0.000000 0.035390 0.9993741.008722 1.004363 0.500000 r -0.000000 -0.000000 0.048950 0.9988010.999544 1.002182 0.500000 r 0.000000 -0.000000 0.178395 0.9839590.998091 1.000783 0.500000 r -0.000000 -0.000000 0.074600 0.9972141.013741 1.007422 0.500000 r 0.000000 -0.000000 0.217561 0.9760470.997820 1.003535 0.500000 r 0.000000 0.000000 0.173672 0.984804







4 4 4 4 4 4 4 4 0.999067 1.000244 0.500000 r -0.000000 0.000000 0.141335 0.9899621.005746 1.002255 0.500000 r -0.000000 -0.000000 0.087440 0.9961701.006293 1.000784 0.500000 r -0.000000 -0.000000 0.174543 0.9846501.019048 0.998569 0.500000 r -0.000000 0.000000 0.094004 0.9955721.000519 1.009521 0.500000 r 0.000000 -0.000000 0.184313 0.9828680.997054 1.002604 0.500000 r -0.000000 -0.000000 0.108143 0.9941361.005459 0.998080 0.500000 r 0.000000 -0.000000 0.145921 0.9892960.998441 0.989378 0.500000 r -0.000000 0.000000 0.233649 0.972321







5 5 5 5 5 5 5 5 1.001562 0.999105 0.500000 r -0.000000 -0.000000 0.084272 0.9964431.001938 1.000111 0.500000 r -0.000000 0.000000 0.100426 0.9949451.004173 1.000483 0.500000 r -0.000000 -0.000000 0.053594 0.9985631.001473 1.003985 0.500000 r -0.000000 0.000000 0.149538 0.9887561.001028 1.003854 0.500000 r -0.000000 0.000000 0.059174 0.9982481.002438 1.000562 0.500000 r 0.000000 0.000000 0.231682 0.9727920.993515 0.998589 0.500000 r -0.000000 -0.000000 0.179845 0.9836951.007063 1.001096 0.500000 r -0.000000 -0.000000 0.111757 0.993736







6 6 6 6 6 6 6 6 0.989790 1.000738 0.500000 r 0.000000 0.000000 0.112120 0.9936951.010371 0.996280 0.500000 r -0.000000 0.000000 0.139879 0.9901691.001736 0.989074 0.500000 r -0.000000 -0.000000 0.051567 0.9986700.995797 1.005766 0.500000 r -0.000000 0.000000 0.129914 0.9915251.000573 0.990237 0.500000 r -0.000000 -0.000000 0.142999 0.9897231.001374 0.994617 0.500000 r 0.000000 -0.000000 0.098188 0.9951681.000099 0.999983 0.500000 r 0.000000 0.000000 0.168291 0.9857381.000790 0.997958 0.500000 r -0.000000 -0.000000 0.055120 0.998480







7 7 7 7 7 7 7 7 1.000215 1.005249 0.500000 r -0.000000 -0.000000 0.180596 0.9835580.997106 0.997716 0.500000 r -0.000000 -0.000000 0.061928 0.9980810.990540 0.987260 0.500000 r -0.000000 0.000000 0.150021 0.9886831.005862 1.005287 0.500000 r -0.000000 0.000000 0.121618 0.9925771.002014 1.003886 0.500000 r 0.000000 0.000000 0.084575 0.9964180.998419 1.001492 0.500000 r -0.000000 -0.000000 0.181149 0.9834560.995952 1.001500 0.500000 r -0.000000 -0.000000 0.227910 0.9736830.999550 0.997839 0.500000 r 0.000000 -0.000000 0.163418 0.986557







Step 96
Step 97
Step 95
Step 94
Step 96
Step 95
Step 95
Step 94
0 0 0 0 0 0 0 0 1.008049 1.001997 0.500000 r -0.000000 -0.000000 0.063801 0.9979631.002043 1.012230 0.500000 r 0.000000 0.000000 0.051747 0.9986601.002606 1.000077 0.500000 r 0.000000 0.000000 0.076349 0.9970811.010236 0.996922 0.500000 r -0.000000 0.000000 0.131936 0.9912581.003319 1.003525 0.500000 r 0.000000 0.000000 0.158520 0.9873561.007400 1.002708 0.500000 r 0.000000 -0.000000 0.189444 0.9818920.964812 1.009629 0.500000 r 0.000000 0.000000 0.069500 0.9975821.006719 0.995840 0.500000 r -0.000000 -0.000000 0.137226 0.990540







1 1 1 1 1 1 1 1 1.002180 1.001333 0.500000 r -0.000000 -0.000000 0.046958 0.9988971.007510 1.014414 0.500000 r 0.000000 0.000000 0.274575 0.9615661.001044 0.998411 0.500000 r -0.000000 -0.000000 0.187676 0.9822310.991327 1.005384 0.500000 r 0.000000 0.000000 0.093883 0.9955840.999314 0.991917 0.500000 r 0.000000 0.000000 0.143855 0.9895991.004362 1.003189 0.500000 r 0.000000 -0.000000 0.103883 0.9945900.995274 1.003850 0.500000 r -0.000000 -0.000000 0.200264 0.9797421.000888 1.003776 0.500000 r -0.000000 -0.000000 0.103983 0.994579







2 2 2 2 2 2 2 2 0.995813 0.991267 0.500000 r 0.000000 0.000000 0.131077 0.9913720.997347 0.996266 0.500000 r 0.000000 0.000000 0.186099 0.9825311.003299 0.998571 0.500000 r 0.000000 0.000000 0.169541 0.9855230.996969 1.006123 0.500000 r -0.000000 -0.000000 0.068394 0.9976590.991551 1.011343 0.500000 r -0.000000 0.000000 0.278213 0.9605200.997301 0.995024 0.500000 r -0.000000 0.000000 0.089606 0.9959771.010541 0.995686 0.500000 r 0.000000 0.000000 0.076374 0.9970791.002580 0.996764 0.500000 r -0.000000 0.000000 0.144612 0.989489







3 3 3 3 3 3 3 3 0.996140 1.017807 0.500000 r 0.000000 0.000000 0.261431 0.9652221.000010 0.999976 0.500000 r 0.000000 0.000000 0.090345 0.9959111.008722 1.004363 0.500000 r -0.000000 -0.000000 0.048950 0.9988010.999544 1.002182 0.500000 r 0.000000 -0.000000 0.178395 0.9839590.996699 1.005535 0.500000 r -0.000000 0.000000 0.035390 0.9993740.998091 1.000783 0.500000 r -0.000000 -0.000000 0.074600 0.9972141.013741 1.007422 0.500000 r 0.000000 -0.000000 0.217562 0.9760470.997820 1.003535 0.500000 r 0.000000 0.000000 0.173672 0.984804







4 4 4 4 4 4 4 4 0.999067 1.000244 0.500000 r -0.000000 0.000000 0.141335 0.9899621.005746 1.002255 0.500000 r -0.000000 -0.000000 0.087440 0.9961700.997054 1.002604 0.500000 r -0.000000 -0.000000 0.108143 0.9941361.005459 0.998080 0.500000 r 0.000000 -0.000000 0.145921 0.9892961.000519 1.009521 0.500000 r 0.000000 -0.000000 0.184313 0.9828681.006293 1.000784 0.500000 r -0.000000 -0.000000 0.174543 0.9846501.019048 0.998569 0.500000 r -0.000000 0.000000 0.094004 0.9955720.998441 0.989378 0.500000 r -0.000000 0.000000 0.233649 0.972321







5 5 5 5 5 5 5 5 1.001562 0.999105 0.500000 r -0.000000 -0.000000 0.084272 0.9964431.001938 1.000111 0.500000 r -0.000000 0.000000 0.100426 0.9949451.004173 1.000483 0.500000 r -0.000000 -0.000000 0.053594 0.9985631.001473 1.003985 0.500000 r -0.000000 0.000000 0.149538 0.9887561.001028 1.003854 0.500000 r -0.000000 0.000000 0.059174 0.9982481.002438 1.000562 0.500000 r 0.000000 0.000000 0.231682 0.9727920.993515 0.998589 0.500000 r -0.000000 -0.000000 0.179845 0.9836951.007063 1.001096 0.500000 r -0.000000 -0.000000 0.111757 0.993736







6 6 6 6 6 6 6 6 0.989790 1.000738 0.500000 r 0.000000 0.000000 0.112120 0.9936951.010371 0.996280 0.500000 r -0.000000 0.000000 0.139879 0.9901691.001736 0.989074 0.500000 r -0.000000 -0.000000 0.051567 0.9986700.995797 1.005766 0.500000 r -0.000000 0.000000 0.129914 0.9915251.001374 0.994617 0.500000 r 0.000000 -0.000000 0.098188 0.9951681.000573 0.990237 0.500000 r -0.000000 -0.000000 0.142999 0.9897231.000790 0.997958 0.500000 r -0.000000 -0.000000 0.055120 0.9984801.000099 0.999983 0.500000 r 0.000000 0.000000 0.168291 0.985738







7 7 7 7 7 7 7 7 1.000215 1.005249 0.500000 r -0.000000 -0.000000 0.180596 0.9835580.997106 0.997716 0.500000 r -0.000000 -0.000000 0.061928 0.9980811.005862 1.005287 0.500000 r -0.000000 0.000000 0.121618 0.9925770.990540 0.987260 0.500000 r -0.000000 0.000000 0.150021 0.9886831.002014 1.003886 0.500000 r 0.000000 0.000000 0.084575 0.9964180.995952 1.001500 0.500000 r -0.000000 -0.000000 0.227910 0.9736830.998419 1.001492 0.500000 r -0.000000 -0.000000 0.181149 0.9834560.999550 0.997839 0.500000 r 0.000000 -0.000000 0.163418 0.986557







Step 97
Step 98
Step 96
Step 97
Step 95
Step 96
Step 96
Step 95
0 0 0 0 0 0 0 0 1.008049 1.001997 0.500000 r -0.000000 -0.000000 0.063801 0.9979631.002043 1.012230 0.500000 r 0.000000 0.000000 0.051747 0.9986601.002606 1.000077 0.500000 r 0.000000 0.000000 0.076349 0.9970811.010236 0.996922 0.500000 r -0.000000 0.000000 0.131936 0.9912581.003319 1.003525 0.500000 r 0.000000 0.000000 0.158520 0.9873561.007400 1.002708 0.500000 r 0.000000 -0.000000 0.189444 0.9818921.006719 0.995840 0.500000 r -0.000000 -0.000000 0.137226 0.9905400.964812 1.009629 0.500000 r 0.000000 0.000000 0.069500 0.997582







1 1 1 1 1 1 1 1 1.002180 1.001333 0.500000 r -0.000000 -0.000000 0.046958 0.9988971.007510 1.014414 0.500000 r 0.000000 0.000000 0.274575 0.9615660.991327 1.005384 0.500000 r 0.000000 0.000000 0.093883 0.9955841.001044 0.998411 0.500000 r -0.000000 -0.000000 0.187676 0.9822310.999314 0.991917 0.500000 r 0.000000 0.000000 0.143855 0.9895991.000888 1.003776 0.500000 r -0.000000 -0.000000 0.103983 0.9945791.004362 1.003189 0.500000 r 0.000000 -0.000000 0.103883 0.9945900.995274 1.003850 0.500000 r -0.000000 -0.000000 0.200264 0.979742







2 2 2 2 2 2 2 2 0.995813 0.991267 0.500000 r 0.000000 0.000000 0.131077 0.9913720.997347 0.996266 0.500000 r 0.000000 0.000000 0.186099 0.9825311.003299 0.998571 0.500000 r 0.000000 0.000000 0.169541 0.9855230.996969 1.006123 0.500000 r -0.000000 -0.000000 0.068394 0.9976591.010541 0.995686 0.500000 r 0.000000 0.000000 0.076374 0.9970791.002580 0.996764 0.500000 r -0.000000 0.000000 0.144612 0.9894890.991551 1.011343 0.500000 r -0.000000 0.000000 0.278213 0.9605200.997301 0.995024 0.500000 r -0.000000 0.000000 0.089606 0.995977







3 3 3 3 3 3 3 3 0.996140 1.017807 0.500000 r 0.000000 0.000000 0.261431 0.9652221.000010 0.999976 0.500000 r 0.000000 0.000000 0.090345 0.995911
0.996699 1.005535 0.500000 r -0.000000 0.000000 0.035390 0.9993741.008722 1.004363 0.500000 r -0.000000 -0.000000 0.048950 0.9988010.998091 1.000783 0.500000 r -0.000000 -0.000000 0.074600 0.9972140.999544 1.002182 0.500000 r 0.000000 -0.000000 0.178395 0.9839591.013741 1.007422 0.500000 r 0.000000 -0.000000 0.217561 0.9760470.997820 1.003535 0.500000 r 0.000000 0.000000 0.173672 0.984804
4 





4 4 4 4 4 4 4 0.999067 1.000244 0.500000 r -0.000000 0.000000 0.141335 0.9899621.005746 1.002255 0.500000 r -0.000000 -0.000000 0.087440 0.996170
0.997054 1.002604 0.500000 r -0.000000 -0.000000 0.108143 0.9941361.005459 0.998080 0.500000 r 0.000000 -0.000000 0.145921 0.9892961.006293 1.000784 0.500000 r -0.000000 -0.000000 0.174543 0.9846501.000519 1.009521 0.500000 r 0.000000 -0.000000 0.184313 0.9828680.998441 0.989378 0.500000 r -0.000000 0.000000 0.233649 0.9723211.019048 0.998569 0.500000 r -0.000000 0.000000 0.094004 0.995572

5 




5 5 5 5 5 5 5 1.001562 0.999105 0.500000 r -0.000000 -0.000000 0.084272 0.9964431.001938 1.000111 0.500000 r -0.000000 0.000000 0.100426 0.994945
1.004173 1.000483 0.500000 r -0.000000 -0.000000 0.053594 0.9985631.001473 1.003985 0.500000 r -0.000000 0.000000 0.149538 0.9887561.001028 1.003854 0.500000 r -0.000000 0.000000 0.059174 0.9982481.002438 1.000562 0.500000 r 0.000000 0.000000 0.231682 0.9727920.993515 0.998589 0.500000 r 0.000000 0.000000 0.179845 0.9836951.007063 1.001096 0.500000 r -0.000000 -0.000000 0.111757 0.993736


6 



6 6 6 6 6 6 6 0.989790 1.000738 0.500000 r 0.000000 0.000000 0.112120 0.993695
1.010371 0.996280 0.500000 r -0.000000 0.000000 0.139879 0.9901691.000573 0.990237 0.500000 r -0.000000 -0.000000 0.142999 0.9897231.001374 0.994617 0.500000 r 0.000000 -0.000000 0.098188 0.9951681.000099 0.999983 0.500000 r 0.000000 0.000000 0.168291 0.9857381.001736 0.989074 0.500000 r -0.000000 -0.000000 0.051567 0.9986700.995797 1.005766 0.500000 r -0.000000 0.000000 0.129914 0.9915251.000790 0.997958 0.500000 r -0.000000 -0.000000 0.055120 0.998480




7 

7 7 7 7 7 7 7 1.000215 1.005249 0.500000 r -0.000000 -0.000000 0.180596 0.983558
0.997106 0.997716 0.500000 r -0.000000 -0.000000 0.061928 0.9980811.005862 1.005287 0.500000 r -0.000000 0.000000 0.121618 0.9925770.990540 0.987260 0.500000 r -0.000000 0.000000 0.150021 0.9886830.998419 1.001492 0.500000 r -0.000000 -0.000000 0.181149 0.9834561.002014 1.003886 0.500000 r 0.000000 0.000000 0.084575 0.9964180.995952 1.001500 0.500000 r -0.000000 -0.000000 0.227910 0.9736830.999550 0.997839 0.500000 r 0.000000 -0.000000 0.163418 0.986557






Step 99
0 Step 98
Step 97
Step 97
Step 96
Step 98
Step 96
Step 97
1.008049 1.001997 0.500000 r -0.000000 -0.000000 0.063801 0.9979630 0 0 0 0 0 0 
1.002043 1.012230 0.500000 r 0.000000 0.000000 0.051747 0.9986601.002606 1.000077 0.500000 r 0.000000 0.000000 0.076349 0.9970811.010236 0.996922 0.500000 r -0.000000 0.000000 0.131936 0.9912581.007400 1.002708 0.500000 r 0.000000 -0.000000 0.189444 0.9818921.003319 1.003525 0.500000 r 0.000000 0.000000 0.158520 0.9873561.006719 0.995840 0.500000 r -0.000000 -0.000000 0.137226 0.9905400.964812 1.009629 0.500000 r 0.000000 0.000000 0.069500 0.9975821 






1 1 1 1 1 1.002180 1.001333 0.500000 r -0.000000 -0.000000 0.046958 0.9988971 1 
1.007510 1.014414 0.500000 r 0.000000 0.000000 0.274575 0.9615661.001044 0.998411 0.500000 r -0.000000 -0.000000 0.187676 0.9822310.991327 1.005384 0.500000 r 0.000000 0.000000 0.093883 0.9955840.999314 0.991917 0.500000 r 0.000000 0.000000 0.143855 0.9895991.004362 1.003189 0.500000 r 0.000000 -0.000000 0.103883 0.9945900.995274 1.003850 0.500000 r -0.000000 -0.000000 0.200264 0.9797421.000888 1.003776 0.500000 r -0.000000 -0.000000 0.103983 0.994579




2 

2 2 2 2 2 2 2 0.995813 0.991267 0.500000 r 0.000000 0.000000 0.131077 0.991372
0.997347 0.996266 0.500000 r 0.000000 0.000000 0.186099 0.9825311.003299 0.998571 0.500000 r 0.000000 0.000000 0.169541 0.9855230.996969 1.006123 0.500000 r -0.000000 -0.000000 0.068394 0.9976591.010541 0.995686 0.500000 r 0.000000 0.000000 0.076374 0.9970790.991551 1.011343 0.500000 r -0.000000 0.000000 0.278213 0.9605200.997301 0.995024 0.500000 r -0.000000 0.000000 0.089606 0.9959771.002580 0.996764 0.500000 r -0.000000 0.000000 0.144612 0.989489





3 
3 3 3 3 3 3 3 0.996140 1.017807 0.500000 r 0.000000 0.000000 0.261431 0.965222
0.996699 1.005535 0.500000 r -0.000000 0.000000 0.035390 0.9993741.000010 0.999976 0.500000 r 0.000000 0.000000 0.090345 0.9959111.008722 1.004363 0.500000 r -0.000000 -0.000000 0.048950 0.9988010.999544 1.002182 0.500000 r 0.000000 -0.000000 0.178395 0.9839590.998091 1.000783 0.500000 r -0.000000 -0.000000 0.074600 0.9972141.013741 1.007422 0.500000 r 0.000000 -0.000000 0.217561 0.9760470.997820 1.003535 0.500000 r 0.000000 0.000000 0.173672 0.9848044 






4 4 4 4 4 4 4 0.999067 1.000244 0.500000 r -0.000000 0.000000 0.141335 0.989962
1.005746 1.002255 0.500000 r -0.000000 -0.000000 0.087440 0.9961700.997054 1.002604 0.500000 r -0.000000 -0.000000 0.108143 0.9941361.006293 1.000784 0.500000 r -0.000000 -0.000000 0.174543 0.9846501.019048 0.998569 0.500000 r -0.000000 0.000000 0.094004 0.9955721.000519 1.009521 0.500000 r 0.000000 -0.000000 0.184313 0.9828680.998441 0.989378 0.500000 r -0.000000 0.000000 0.233649 0.9723211.005459 0.998080 0.500000 r 0.000000 -0.000000 0.145921 0.9892965 






5 5 5 5 5 5 5 1.001562 0.999105 0.500000 r -0.000000 -0.000000 0.084272 0.996443
1.001938 1.000111 0.500000 r -0.000000 0.000000 0.100426 0.9949451.004173 1.000483 0.500000 r -0.000000 -0.000000 0.053594 0.9985631.001028 1.003854 0.500000 r -0.000000 0.000000 0.059174 0.9982481.002438 1.000562 0.500000 r 0.000000 0.000000 0.231682 0.9727920.993515 0.998589 0.500000 r 0.000000 0.000000 0.179845 0.9836951.007063 1.001096 0.500000 r -0.000000 -0.000000 0.111757 0.9937361.001473 1.003985 0.500000 r -0.000000 0.000000 0.149538 0.9887566 






6 6 6 6 6 6 6 0.989790 1.000738 0.500000 r 0.000000 0.000000 0.112120 0.9936951.010371 0.996280 0.500000 r -0.000000 0.000000 0.139879 0.990169
1.001736 0.989074 0.500000 r -0.000000 -0.000000 0.051567 0.9986700.995797 1.005766 0.500000 r -0.000000 0.000000 0.129914 0.9915251.000573 0.990237 0.500000 r -0.000000 -0.000000 0.142999 0.9897231.001374 0.994617 0.500000 r 0.000000 -0.000000 0.098188 0.9951681.000099 0.999983 0.500000 r 0.000000 0.000000 0.168291 0.9857381.000790 0.997958 0.500000 r -0.000000 -0.000000 0.055120 0.998480

7 




7 7 7 1.000215 1.005249 0.500000 r -0.000000 -0.000000 0.180596 0.9835587 7 7 7 
0.997106 0.997716 0.500000 r -0.000000 -0.000000 0.061928 0.9980811.005862 1.005287 0.500000 r -0.000000 0.000000 0.121618 0.9925770.990540 0.987260 0.500000 r -0.000000 0.000000 0.150021 0.9886830.998419 1.001492 0.500000 r -0.000000 -0.000000 0.181149 0.9834561.002014 1.003886 0.500000 r 0.000000 0.000000 0.084575 0.9964180.995952 1.001500 0.500000 r -0.000000 -0.000000 0.227910 0.9736830.999550 0.997839 0.500000 r 0.000000 -0.000000 0.163418 0.986557






Step 100
Step 98
Step 99
Step 97
0 Step 98
Step 99
Step 97
Step 98
0 0 0 0 0 0 0 1.008049 1.001997 0.500000 r -0.000000 -0.000000 0.063801 0.9979631.002043 1.012230 0.500000 r 0.000000 0.000000 0.051747 0.998660
1.002606 1.000077 0.500000 r 0.000000 0.000000 0.076349 0.9970811.010236 0.996922 0.500000 r -0.000000 0.000000 0.131936 0.9912581.003319 1.003525 0.500000 r 0.000000 0.000000 0.158520 0.9873561.006719 0.995840 0.500000 r -0.000000 -0.000000 0.137226 0.9905401.007400 1.002708 0.500000 r 0.000000 -0.000000 0.189444 0.9818920.964812 1.009629 0.500000 r 0.000000 0.000000 0.069500 0.997582
1 





1 1 1 1 1 1 1 1.002180 1.001333 0.500000 r -0.000000 -0.000000 0.046958 0.9988971.007510 1.014414 0.500000 r 0.000000 0.000000 0.274575 0.9615661.001044 0.998411 0.500000 r -0.000000 -0.000000 0.187676 0.9822310.991327 1.005384 0.500000 r 0.000000 0.000000 0.093883 0.9955841.004362 1.003189 0.500000 r 0.000000 -0.000000 0.103883 0.994590
0.999314 0.991917 0.500000 r 0.000000 0.000000 0.143855 0.9895991.000888 1.003776 0.500000 r -0.000000 -0.000000 0.103983 0.9945790.995274 1.003850 0.500000 r -0.000000 -0.000000 0.200264 0.979742
2 





2 2 2 2 2 2 2 0.995813 0.991267 0.500000 r 0.000000 0.000000 0.131077 0.991372
0.997347 0.996266 0.500000 r 0.000000 0.000000 0.186099 0.9825311.003299 0.998571 0.500000 r 0.000000 0.000000 0.169541 0.9855230.996969 1.006123 0.500000 r -0.000000 -0.000000 0.068394 0.9976591.010541 0.995686 0.500000 r 0.000000 0.000000 0.076374 0.9970790.991551 1.011343 0.500000 r -0.000000 0.000000 0.278213 0.9605200.997301 0.995024 0.500000 r -0.000000 0.000000 0.089606 0.9959771.002580 0.996764 0.500000 r -0.000000 0.000000 0.144612 0.989489





3 
3 3 3 3 3 3 3 0.996140 1.017807 0.500000 r 0.000000 0.000000 0.261431 0.9652221.000010 0.999976 0.500000 r 0.000000 0.000000 0.090345 0.995911
0.996699 1.005535 0.500000 r -0.000000 0.000000 0.035390 0.9993741.008722 1.004363 0.500000 r -0.000000 -0.000000 0.048950 0.9988010.999544 1.002182 0.500000 r 0.000000 -0.000000 0.178395 0.9839590.998091 1.000783 0.500000 r -0.000000 -0.000000 0.074600 0.9972141.013741 1.007422 0.500000 r 0.000000 -0.000000 0.217562 0.9760470.997820 1.003535 0.500000 r 0.000000 0.000000 0.173672 0.984804

4 




4 4 4 4 4 4 4 0.999067 1.000244 0.500000 r -0.000000 0.000000 0.141335 0.989962
1.005746 1.002255 0.500000 r -0.000000 -0.000000 0.087440 0.9961700.997054 1.002604 0.500000 r -0.000000 -0.000000 0.108143 0.9941361.005459 0.998080 0.500000 r 0.000000 -0.000000 0.145921 0.9892961.000519 1.009521 0.500000 r 0.000000 -0.000000 0.184313 0.9828680.998441 0.989378 0.500000 r -0.000000 0.000000 0.233649 0.9723211.006293 1.000784 0.500000 r -0.000000 -0.000000 0.174543 0.9846501.019048 0.998569 0.500000 r -0.000000 0.000000 0.094004 0.995572

5 




5 1.001562 0.999105 0.500000 r -0.000000 -0.000000 0.084272 0.9964435 5 5 5 5 5 
1.001938 1.000111 0.500000 r -0.000000 0.000000 0.100426 0.9949451.001473 1.003985 0.500000 r -0.000000 0.000000 0.149538 0.9887561.004173 1.000483 0.500000 r -0.000000 -0.000000 0.053594 0.9985631.001028 1.003854 0.500000 r -0.000000 0.000000 0.059174 0.9982481.002438 1.000562 0.500000 r 0.000000 0.000000 0.231682 0.9727920.993515 0.998589 0.500000 r 0.000000 0.000000 0.179845 0.9836951.007063 1.001096 0.500000 r -0.000000 -0.000000 0.111757 0.9937366 






6 6 6 6 6 6 6 0.989790 1.000738 0.500000 r 0.000000 0.000000 0.112120 0.993695
1.010371 0.996280 0.500000 r -0.000000 0.000000 0.139879 0.9901691.001736 0.989074 0.500000 r -0.000000 -0.000000 0.051567 0.9986700.995797 1.005766 0.500000 r -0.000000 0.000000 0.129914 0.9915251.001374 0.994617 0.500000 r 0.000000 -0.000000 0.098188 0.9951681.000099 0.999983 0.500000 r 0.000000 0.000000 0.168291 0.9857381.000573 0.990237 0.500000 r -0.000000 -0.000000 0.142999 0.9897231.000790 0.997958 0.500000 r -0.000000 -0.000000 0.055120 0.9984807 






7 7 7 7 7 7 7 1.000215 1.005249 0.500000 r -0.000000 -0.000000 0.180596 0.983558
1.005862 1.005287 0.500000 r -0.000000 0.000000 0.121618 0.9925770.997106 0.997716 0.500000 r -0.000000 -0.000000 0.061928 0.9980810.990540 0.987260 0.500000 r -0.000000 0.000000 0.150021 0.9886830.998419 1.001492 0.500000 r -0.000000 -0.000000 0.181149 0.9834561.002014 1.003886 0.500000 r 0.000000 0.000000 0.084575 0.9964180.999550 0.997839 0.500000 r 0.000000 -0.000000 0.163418 0.9865570.995952 1.001500 0.500000 r -0.000000 -0.000000 0.227910 0.973683






Step 98
Step 100
Step 99
Step 98
Step 99
Step 100
Step 99
0 0 0 0 0 0 0 1.002043 1.012230 0.500000 r 0.000000 0.000000 0.051747 0.9986601.010236 0.996922 0.500000 r -0.000000 0.000000 0.131936 0.9912581.002606 1.000077 0.500000 r 0.000000 0.000000 0.076349 0.9970811.003319 1.003525 0.500000 r 0.000000 0.000000 0.158520 0.9873560.964812 1.009629 0.500000 r 0.000000 0.000000 0.069500 0.9975821.007400 1.002708 0.500000 r 0.000000 -0.000000 0.189444 0.9818921.006719 0.995840 0.500000 r -0.000000 -0.000000 0.137226 0.990540






1 1 1 1 1 1 1 1.007510 1.014414 0.500000 r 0.000000 0.000000 0.274575 0.9615661.001044 0.998411 0.500000 r -0.000000 -0.000000 0.187676 0.9822310.991327 1.005384 0.500000 r 0.000000 0.000000 0.093883 0.9955841.004362 1.003189 0.500000 r 0.000000 -0.000000 0.103883 0.9945900.999314 0.991917 0.500000 r 0.000000 0.000000 0.143855 0.9895991.000888 1.003776 0.500000 r -0.000000 -0.000000 0.103983 0.9945790.995274 1.003850 0.500000 r -0.000000 -0.000000 0.200264 0.979742





2 
2 2 2 2 2 2 0.997347 0.996266 0.500000 r 0.000000 0.000000 0.186099 0.982531
1.003299 0.998571 0.500000 r 0.000000 0.000000 0.169541 0.9855230.996969 1.006123 0.500000 r -0.000000 -0.000000 0.068394 0.9976591.010541 0.995686 0.500000 r 0.000000 0.000000 0.076374 0.9970790.991551 1.011343 0.500000 r -0.000000 0.000000 0.278213 0.9605200.997301 0.995024 0.500000 r -0.000000 0.000000 0.089606 0.9959771.002580 0.996764 0.500000 r -0.000000 0.000000 0.144612 0.9894893 





3 1.000010 0.999976 0.500000 r 0.000000 0.000000 0.090345 0.9959113 3 3 3 3 
0.996699 1.005535 0.500000 r 0.000000 0.000000 0.035390 0.9993741.008722 1.004363 0.500000 r -0.000000 -0.000000 0.048950 0.9988010.999544 1.002182 0.500000 r 0.000000 -0.000000 0.178395 0.9839590.998091 1.000783 0.500000 r -0.000000 -0.000000 0.074600 0.9972141.013741 1.007422 0.500000 r 0.000000 -0.000000 0.217561 0.9760470.997820 1.003535 0.500000 r 0.000000 0.000000 0.173672 0.9848044 





4 1.005746 1.002255 0.500000 r -0.000000 -0.000000 0.087440 0.9961704 4 4 4 4 
0.997054 1.002604 0.500000 r -0.000000 -0.000000 0.108143 0.9941361.005459 0.998080 0.500000 r 0.000000 -0.000000 0.145921 0.9892961.000519 1.009521 0.500000 r 0.000000 -0.000000 0.184313 0.9828680.998441 0.989378 0.500000 r -0.000000 0.000000 0.233649 0.9723211.006293 1.000784 0.500000 r -0.000000 -0.000000 0.174543 0.9846501.019048 0.998569 0.500000 r -0.000000 0.000000 0.094004 0.9955725 





1.001938 1.000111 0.500000 r -0.000000 0.000000 0.100426 0.9949455 5 5 5 5 5 
1.004173 1.000483 0.500000 r -0.000000 -0.000000 0.053594 0.9985631.001473 1.003985 0.500000 r -0.000000 0.000000 0.149538 0.9887561.001028 1.003854 0.500000 r -0.000000 0.000000 0.059174 0.9982481.007063 1.001096 0.500000 r -0.000000 -0.000000 0.111757 0.9937361.002438 1.000562 0.500000 r 0.000000 0.000000 0.231682 0.9727920.993515 0.998589 0.500000 r 0.000000 0.000000 0.179845 0.9836956 





6 6 6 6 6 6 1.010371 0.996280 0.500000 r -0.000000 0.000000 0.139879 0.990169
1.001736 0.989074 0.500000 r -0.000000 -0.000000 0.051567 0.9986701.000573 0.990237 0.500000 r -0.000000 -0.000000 0.142999 0.9897231.000790 0.997958 0.500000 r -0.000000 -0.000000 0.055120 0.9984801.001374 0.994617 0.500000 r 0.000000 -0.000000 0.098188 0.9951681.000099 0.999983 0.500000 r 0.000000 0.000000 0.168291 0.9857380.995797 1.005766 0.500000 r -0.000000 0.000000 0.129914 0.9915257 





0.997106 0.997716 0.500000 r -0.000000 -0.000000 0.061928 0.9980817 7 7 7 7 7 
1.005862 1.005287 0.500000 r -0.000000 0.000000 0.121618 0.9925770.990540 0.987260 0.500000 r -0.000000 0.000000 0.150021 0.9886830.998419 1.001492 0.500000 r -0.000000 -0.000000 0.181149 0.9834561.002014 1.003886 0.500000 r 0.000000 0.000000 0.084575 0.9964180.995952 1.001500 0.500000 r -0.000000 -0.000000 0.227910 0.9736830.999550 0.997839 0.500000 r 0.000000 -0.000000 0.163418 0.986557





Step 100
0 Step 99
Step 99
Step 100
Step 100
1.002043 1.012230 0.500000 r 0.000000 0.000000 0.051747 0.9986600 0 0 0 
1.003319 1.003525 0.500000 r 0.000000 0.000000 0.158520 0.9873561.006719 0.995840 0.500000 r -0.000000 -0.000000 0.137226 0.9905401.007400 1.002708 0.500000 r 0.000000 -0.000000 0.189444 0.9818920.964812 1.009629 0.500000 r 0.000000 0.000000 0.069500 0.9975821 



1 1 1 1 1.007510 1.014414 0.500000 r 0.000000 0.000000 0.274575 0.961566
1.004362 1.003189 0.500000 r 0.000000 -0.000000 0.103883 0.9945900.999314 0.991917 0.500000 r 0.000000 0.000000 0.143855 0.9895991.000888 1.003776 0.500000 r -0.000000 -0.000000 0.103983 0.9945790.995274 1.003850 0.500000 r -0.000000 -0.000000 0.200264 0.9797422 



2 2 2 2 0.997347 0.996266 0.500000 r 0.000000 0.000000 0.186099 0.982531
1.010541 0.995686 0.500000 r 0.000000 0.000000 0.076374 0.9970790.991551 1.011343 0.500000 r -0.000000 0.000000 0.278213 0.9605200.997301 0.995024 0.500000 r -0.000000 0.000000 0.089606 0.9959771.002580 0.996764 0.500000 r -0.000000 0.000000 0.144612 0.9894893 



3 1.000010 0.999976 0.500000 r 0.000000 0.000000 0.090345 0.9959113 3 3 
0.998091 1.000783 0.500000 r -0.000000 -0.000000 0.074600 0.9972140.999544 1.002182 0.500000 r 0.000000 -0.000000 0.178395 0.9839590.997820 1.003535 0.500000 r 0.000000 0.000000 0.173672 0.9848041.013741 1.007422 0.500000 r 0.000000 -0.000000 0.217561 0.9760474 



4 1.005746 1.002255 0.500000 r -0.000000 -0.000000 0.087440 0.9961704 4 4 
1.000519 1.009521 0.500000 r 0.000000 -0.000000 0.184313 0.9828681.006293 1.000784 0.500000 r -0.000000 -0.000000 0.174543 0.9846501.019048 0.998569 0.500000 r -0.000000 0.000000 0.094004 0.9955720.998441 0.989378 0.500000 r -0.000000 0.000000 0.233649 0.9723215 



1.001938 1.000111 0.500000 r -0.000000 0.000000 0.100426 0.9949455 5 5 5 
1.002438 1.000562 0.500000 r 0.000000 0.000000 0.231682 0.9727921.001028 1.003854 0.500000 r -0.000000 0.000000 0.059174 0.9982480.993515 0.998589 0.500000 r 0.000000 0.000000 0.179845 0.9836951.007063 1.001096 0.500000 r -0.000000 -0.000000 0.111757 0.9937366 



6 6 6 6 1.010371 0.996280 0.500000 r -0.000000 0.000000 0.139879 0.990169
1.000573 0.990237 0.500000 r -0.000000 -0.000000 0.142999 0.9897231.001374 0.994617 0.500000 r 0.000000 -0.000000 0.098188 0.9951681.000099 0.999983 0.500000 r 0.000000 0.000000 0.168291 0.9857381.000790 0.997958 0.500000 r -0.000000 -0.000000 0.055120 0.998480
7 


7 7 0.997106 0.997716 0.500000 r -0.000000 -0.000000 0.061928 0.9980817 7 
0.998419 1.001492 0.500000 r -0.000000 -0.000000 0.181149 0.9834560.999550 0.997839 0.500000 r 0.000000 -0.000000 0.163418 0.9865571.002014 1.003886 0.500000 r 0.000000 0.000000 0.084575 0.9964180.995952 1.001500 0.500000 r -0.000000 -0.000000 0.227910 0.973683



Step 100
Step 100
0 0 1.003319 1.003525 0.500000 r 0.000000 0.000000 0.158520 0.9873561.006719 0.995840 0.500000 r -0.000000 -0.000000 0.137226 0.990540

1 1 0.999314 0.991917 0.500000 r 0.000000 0.000000 0.143855 0.9895991.000888 1.003776 0.500000 r -0.000000 -0.000000 0.103983 0.994579

2 2 1.010541 0.995686 0.500000 r 0.000000 0.000000 0.076374 0.9970791.002580 0.996764 0.500000 r -0.000000 0.000000 0.144612 0.989489

3 3 0.999544 1.002182 0.500000 r 0.000000 -0.000000 0.178395 0.9839590.997820 1.003535 0.500000 r 0.000000 0.000000 0.173672 0.984804

4 4 1.000519 1.009521 0.500000 r 0.000000 -0.000000 0.184313 0.9828680.998441 0.989378 0.500000 r -0.000000 0.000000 0.233649 0.972321

5 5 1.001028 1.003854 0.500000 r -0.000000 0.000000 0.059174 0.9982481.007063 1.001096 0.500000 r -0.000000 -0.000000 0.111757 0.993736

6 6 1.000573 0.990237 0.500000 r -0.000000 -0.000000 0.142999 0.9897231.000790 0.997958 0.500000 r -0.000000 -0.000000 0.055120 0.998480

7 7 0.998419 1.001492 0.500000 r -0.000000 -0.000000 0.181149 0.9834560.999550 0.997839 0.500000 r 0.000000 -0.000000 0.163418 0.986557

# Kernel took: 153605165
# Simulation took: 165842931

real	0m0.581s
user	0m0.162s
sys	0m0.050s
