2201336463
2244542580
2266033891
2328404468
2272522547
2278188476
2295790969
2433509842
2550819211
2633605217
2679795159
2676058536
2677293677
2668294842
2690038071
2760715793
2709416192
2686977098
2643660846
2711182681
2682067426
2622065009
2609801441
2627643274
2545447442
2569699120
2540843950
2505344248
2554987019
2527471542
2469110350
2634253498
2689422404
3138627554
2704340341
2655843335
2835475097
2815884049
2658028664
2622608799
2992212201700362758
2610628156
2375846675
2507371021
2721728000
2420104597
2536677418
2785901852
2555220055
2850837331
3289906884
2877081878
2887302390
3367730350
2940394366
2885679878
2913960852
2942198454
3350634270
2893826284
2849617266
2900095927
3130043024
2801331200
2793381883
2814717584
3111116178
2700903854
2645726574
2911364300
2969666054
2663518375
2622165376
2610167706
2774514248
3056234241
2695178014
2645331619
3099943696
2691292137
2610833075
3129448444
2755785491
2572291379
2695783653
2949132122
2579253693
2559706168
2983643305
2588255533
2494458262
2932981894
2707056371
2531143613
2646452922
2860362736
2497078576
2637177444
2862756396
2484827405
2523182146
2908335616
667982371
666151887
855461386
845159837
604242378
597558601
731037961
2837406984
2739306795
2750214299
2918460341
3384595767
2935637070
2810920660
2744655920
2963404128
3360640371
2912034958
2971346636
3122614135
3228304457
3067132394
2947222318
2975021758
2975869953
3060622287
3439428130
3287729395
3509176621
3174957655
3126011578
3071477495
3119469080
3114287888
3090730305
3172345044
3170489678
3107751359
3107918594
3086249910
3091932639
3124404416
3122504179
3080463423
3013495939
3036673281
3058251547
3080608433
3062570943
3111869929
3163370652
3584707955
3264310412
3164178279
712270644
598845583
